-0.033367,0.15742,2.9795,-0.042251,0.22894,2.9788,-0.060474,0.58804,2.9658,-0.01108,0.76363,2.9457,-0.17601,0.45794,2.8677,-0.23798,0.21512,2.8457,-0.17136,-0.00303,2.7769,-0.1491,-0.092971,2.7512,0.07009,0.47206,3.1076,0.089041,0.21768,3.1504,0.12055,-0.01218,3.1842,0.11335,-0.10471,3.1591,-0.084992,0.085741,2.9296,-0.16495,-0.41706,2.8233,-0.23032,-0.7618,2.7992,-0.1947,-0.82626,2.7297,0.027422,0.082269,3.0293,-0.009593,-0.41172,3.1483,-0.096255,-0.76406,3.1443,-0.051628,-0.82283,3.1729
-0.033612,0.15752,2.9809,-0.042514,0.22916,2.9809,-0.062564,0.59002,2.9724,-0.012705,0.76463,2.9501,-0.17762,0.45886,2.873,-0.23884,0.2152,2.846,-0.17391,-0.003598,2.7767,-0.14996,-0.093352,2.7519,0.067858,0.47351,3.1063,0.089616,0.22447,3.1662,0.11972,-0.012485,3.1847,0.11325,-0.10396,3.1559,-0.085,0.085924,2.9307,-0.16734,-0.41959,2.8269,-0.23039,-0.76177,2.7993,-0.19456,-0.82659,2.7298,0.02719,0.082582,3.0302,-0.011328,-0.41291,3.1494,-0.096179,-0.7639,3.1441,-0.074097,-0.83252,3.1095
-0.033626,0.15788,2.9824,-0.042766,0.22981,2.9831,-0.063437,0.5932,2.9775,-0.013522,0.76579,2.9612,-0.1785,0.45988,2.8764,-0.24019,0.2155,2.846,-0.20601,0.029873,2.7821,-0.18692,-0.032899,2.7547,0.067376,0.47224,3.1079,0.089638,0.22295,3.1672,0.11957,-0.012452,3.185,0.11377,-0.10335,3.1542,-0.084983,0.086358,2.9319,-0.1685,-0.42024,2.8299,-0.2306,-0.76192,2.7991,-0.19443,-0.82679,2.73,0.027296,0.082847,3.0312,-0.011541,-0.41294,3.1494,-0.096294,-0.76386,3.1442,-0.056637,-0.82724,3.17
-0.033468,0.15812,2.983,-0.042777,0.23017,2.9841,-0.063605,0.59418,2.9784,-0.015249,0.76915,2.9668,-0.17917,0.46081,2.881,-0.2407,0.21565,2.846,-0.20501,0.03005,2.7827,-0.18911,-0.034912,2.7586,0.066136,0.47329,3.1079,0.089165,0.22295,3.1643,0.11796,-0.013595,3.178,0.11345,-0.10203,3.1405,-0.0846,0.086763,2.9326,-0.16975,-0.41911,2.8319,-0.23064,-0.76196,2.7992,-0.19429,-0.82692,2.7305,0.027385,0.083181,3.0317,-0.011752,-0.41309,3.1497,-0.096252,-0.76481,3.1473,-0.078757,-0.83437,3.114
-0.033096,0.15925,2.9847,-0.042735,0.23175,2.9866,-0.063275,0.59875,2.9829,-0.015606,0.77035,2.9724,-0.18098,0.46269,2.8847,-0.24077,0.21563,2.8461,-0.2055,0.030043,2.7822,-0.18806,-0.034398,2.7577,0.0648,0.47423,3.1111,0.089093,0.22296,3.1645,0.11742,-0.014108,3.1654,0.11454,-0.10532,3.135,-0.084179,0.087583,2.9338,-0.17067,-0.4195,2.8363,-0.23134,-0.76382,2.8,-0.19427,-0.82693,2.7304,0.027722,0.084162,3.0329,-0.01224,-0.41306,3.1495,-0.096395,-0.76469,3.1471,-0.052218,-0.82853,3.162
-0.033152,0.15948,2.9851,-0.043199,0.23193,2.9876,-0.064263,0.59856,2.984,-0.015962,0.77019,2.9735,-0.18259,0.46371,2.8883,-0.24085,0.21576,2.8462,-0.20694,0.029624,2.7831,-0.18746,-0.033847,2.7576,0.064302,0.47422,3.1115,0.089026,0.22276,3.1645,0.11513,-0.012497,3.1494,0.11496,-0.10557,3.1251,-0.084142,0.087942,2.9343,-0.17107,-0.41923,2.8377,-0.23136,-0.7639,2.8,-0.19418,-0.82689,2.7303,0.027767,0.084289,3.0331,-0.012836,-0.41405,3.15,-0.096598,-0.76478,3.1467,-0.052354,-0.828,3.1638
-0.032802,0.16027,2.9867,-0.043411,0.23268,2.9895,-0.065545,0.59927,2.9854,-0.016818,0.77143,2.9766,-0.18249,0.46424,2.8907,-0.24089,0.21573,2.8462,-0.19967,0.000457,2.779,-0.19116,-0.073853,2.7506,0.064069,0.47436,3.1119,0.089021,0.22171,3.1613,0.11595,-0.012096,3.1472,0.11667,-0.10515,3.1226,-0.083454,0.088493,2.9354,-0.17125,-0.41941,2.8409,-0.23198,-0.76493,2.8002,-0.19458,-0.82661,2.7305,0.028382,0.085133,3.035,-0.013011,-0.41399,3.1501,-0.09743,-0.76439,3.1452,-0.053925,-0.82678,3.1666
-0.032299,0.16097,2.9881,-0.043321,0.23344,2.9914,-0.06552,0.60027,2.9874,-0.017551,0.77256,2.9792,-0.1821,0.46524,2.8924,-0.24094,0.21598,2.8469,-0.20434,0.012792,2.7825,-0.18457,-0.04956,2.7546,0.064133,0.47365,3.1148,0.089577,0.22057,3.163,0.1161,-0.006963,3.1383,0.11783,-0.10004,3.1139,-0.082812,0.089261,2.9366,-0.17153,-0.41908,2.8428,-0.23197,-0.765,2.8003,-0.19453,-0.82697,2.7307,0.028928,0.085755,3.0363,-0.013265,-0.41382,3.1502,-0.097307,-0.76385,3.1456,-0.058847,-0.83281,3.1434
-0.032138,0.16183,2.989,-0.043455,0.23441,2.9927,-0.065187,0.60174,2.9885,-0.018142,0.77328,2.9807,-0.18224,0.46542,2.8934,-0.24093,0.21654,2.8479,-0.20329,0.013092,2.7818,-0.18645,-0.05002,2.7537,0.064337,0.47364,3.1172,0.090052,0.21737,3.1537,0.11692,-0.007549,3.1371,0.12765,-0.074732,3.1163,-0.082719,0.089825,2.9372,-0.17157,-0.41815,2.8437,-0.23198,-0.76489,2.8004,-0.19458,-0.82689,2.7307,0.029163,0.086379,3.0372,-0.013508,-0.41397,3.1503,-0.097654,-0.76282,3.1438,-0.05433,-0.82696,3.1595
-0.032068,0.1622,2.9898,-0.043617,0.23466,2.9936,-0.065047,0.60157,2.9889,-0.018903,0.77502,2.9857,-0.18231,0.46543,2.8935,-0.24097,0.21788,2.8509,-0.19813,0.013492,2.7775,-0.18414,-0.053207,2.7572,0.062241,0.47554,3.1154,0.087241,0.21638,3.1393,0.11765,-0.007841,3.1357,0.12723,-0.074768,3.1137,-0.082441,0.090024,2.9377,-0.17179,-0.41828,2.8439,-0.23196,-0.76493,2.8005,-0.19458,-0.82691,2.7307,0.028965,0.086908,3.0383,-0.013704,-0.41396,3.1502,-0.097748,-0.76285,3.1433,-0.085815,-0.83496,3.0939
-0.032681,0.16168,2.99,-0.044214,0.23428,2.9942,-0.06465,0.60147,2.9894,-0.018855,0.77505,2.9858,-0.18148,0.46517,2.894,-0.24209,0.22412,2.8594,-0.15771,0.046844,2.774,-0.10859,-0.034005,2.7566,0.061362,0.47621,3.1145,0.086855,0.21724,3.1396,0.11764,-0.004377,3.1309,0.12744,-0.071945,3.1111,-0.082952,0.090102,2.9382,-0.17172,-0.41811,2.8448,-0.23161,-0.76436,2.8008,-0.19513,-0.82672,2.7307,0.027636,0.086804,3.0381,-0.013766,-0.41398,3.1502,-0.097684,-0.76275,3.1432,-0.058094,-0.82609,3.1687
-0.032731,0.16103,2.9907,-0.044432,0.23363,2.9949,-0.064508,0.60067,2.9893,-0.018501,0.77415,2.9869,-0.18107,0.465,2.894,-0.24258,0.2278,2.8625,-0.14234,0.060936,2.774,-0.069816,0.006043,2.7428,0.060802,0.47602,3.1149,0.086163,0.21747,3.1426,0.11692,-0.002839,3.1185,0.12966,-0.069853,3.0985,-0.082886,0.089923,2.9393,-0.17134,-0.41737,2.8447,-0.23172,-0.76424,2.8008,-0.19597,-0.82702,2.7328,0.027506,0.086694,3.0384,-0.013723,-0.41396,3.1502,-0.097895,-0.76248,3.1423,-0.052068,-0.82013,3.1946
-0.032129,0.16013,2.994,-0.043787,0.23275,2.9979,-0.063365,0.59974,2.9909,-0.017939,0.77177,2.9866,-0.18117,0.46502,2.8939,-0.24076,0.22772,2.8671,-0.10828,0.10425,2.7565,-0.042755,0.058929,2.7291,0.060618,0.47592,3.115,0.079475,0.21428,3.129,0.12061,0.002586,3.0995,0.12472,-0.052544,3.0548,-0.081702,0.089352,2.946,-0.1697,-0.41763,2.8423,-0.23158,-0.76437,2.8009,-0.19587,-0.8271,2.7328,0.027579,0.086601,3.0398,-0.0135,-0.41844,3.1547,-0.098042,-0.76244,3.1412,-0.055811,-0.81663,3.1817
-0.033392,0.15829,2.9948,-0.044597,0.23153,2.9983,-0.063091,0.59969,2.9908,-0.015902,0.769,2.9855,-0.18,0.4653,2.8935,-0.24405,0.2344,2.8664,-0.070698,0.13489,2.7507,-0.017792,0.1134,2.6959,0.06018,0.4758,3.1174,0.07625,0.21312,3.126,0.11639,0.023921,3.0798,0.12501,-0.01633,3.0538,-0.082228,0.089478,2.9476,-0.16639,-0.41623,2.8355,-0.23137,-0.76396,2.8008,-0.19575,-0.82724,2.7326,0.023783,0.083545,3.0397,-0.010043,-0.41468,3.1555,-0.09741,-0.761,3.1441,-0.054434,-0.82483,3.1616
-0.033615,0.15779,2.995,-0.044586,0.23122,2.9982,-0.061412,0.59958,2.9897,-0.012858,0.76886,2.9818,-0.17723,0.46548,2.893,-0.23036,0.23966,2.8551,-0.077637,0.18396,2.7213,0.004572,0.18039,2.6716,0.059417,0.4772,3.1168,0.075568,0.21453,3.1258,0.11433,0.024817,3.0807,0.12267,0.0073,3.0388,-0.081842,0.089827,2.9484,-0.15967,-0.41789,2.824,-0.22993,-0.76338,2.8005,-0.19263,-0.82694,2.7305,0.021775,0.0825,3.0394,-0.00951,-0.41554,3.1557,-0.093851,-0.76315,3.1475,-0.030947,-0.82857,3.1746
-0.034549,0.15885,2.9941,-0.044991,0.2316,2.9973,-0.060402,0.59612,2.9878,-0.010837,0.76431,2.9779,-0.17554,0.46529,2.8914,-0.22549,0.24231,2.8478,-0.072124,0.20912,2.7167,0.005061,0.22626,2.6619,0.058206,0.47825,3.1163,0.074267,0.21556,3.1258,0.12333,0.039067,3.042,0.13641,-0.004856,2.9876,-0.082308,0.092454,2.9461,-0.1517,-0.41938,2.8149,-0.22255,-0.7621,2.7967,-0.18968,-0.82725,2.729,0.020017,0.082951,3.0393,-0.005622,-0.41926,3.1568,-0.092677,-0.76316,3.148,-0.04359,-0.82625,3.1805
-0.034576,0.15887,2.9937,-0.04468,0.23144,2.9962,-0.0577,0.59226,2.985,-0.009199,0.76581,2.9752,-0.17081,0.46352,2.888,-0.21951,0.24719,2.8293,-0.062873,0.25102,2.6977,0.013798,0.27415,2.6443,0.057247,0.47886,3.1152,0.073259,0.21617,3.1251,0.11872,0.064897,2.9953,0.1319,0.013312,2.9481,-0.081772,0.093728,2.9461,-0.14493,-0.41977,2.8043,-0.19646,-0.75356,2.7797,-0.187,-0.82567,2.7274,0.019011,0.083742,3.038,-0.004018,-0.42129,3.156,-0.087183,-0.76558,3.1496,-0.044757,-0.82566,3.1782
-0.042492,0.15476,2.9737,-0.05012,0.2266,2.9787,-0.053574,0.58694,2.9783,-0.007834,0.75703,2.9483,-0.16344,0.45453,2.863,-0.198,0.26465,2.7658,-0.038836,0.28363,2.6392,0.034534,0.32612,2.5936,0.057112,0.47839,3.1108,0.072823,0.21576,3.1215,0.10067,0.099607,2.9524,0.11321,0.049923,2.9031,-0.09001,0.095514,2.9288,-0.13286,-0.42753,2.7755,-0.16199,-0.74609,2.7307,-0.14441,-0.81299,2.6584,0.006141,0.080264,3.0106,0.001826,-0.43602,3.1459,-0.069496,-0.75993,3.1402,-0.042472,-0.82319,3.1806
-0.047902,0.15066,2.9616,-0.055544,0.22231,2.9651,-0.055157,0.58291,2.9638,-0.008297,0.75579,2.9453,-0.16423,0.45703,2.8527,-0.18152,0.27661,2.717,-0.01075,0.28975,2.6077,0.06215,0.3357,2.5648,0.052118,0.47746,3.0944,0.067431,0.21486,3.1058,0.10462,0.10341,2.9352,0.11715,0.053731,2.8859,-0.09478,0.095542,2.9206,-0.12813,-0.43213,2.758,-0.14076,-0.74765,2.7074,-0.13962,-0.81568,2.6405,0.001234,0.078477,2.9988,0.002015,-0.44566,3.139,-0.066742,-0.7631,3.1386,-0.040234,-0.82685,3.1828
-0.049792,0.14977,2.9502,-0.056914,0.22118,2.9535,-0.05319,0.57959,2.9503,-0.00846,0.75674,2.9343,-0.16937,0.45767,2.8321,-0.17594,0.28324,2.6882,-0.0276,0.32482,2.5531,0.042911,0.37387,2.5097,0.05287,0.47563,3.0815,0.067474,0.21413,3.1005,0.10097,0.14835,2.9053,0.11351,0.098671,2.8559,-0.099056,0.095132,2.9085,-0.13008,-0.43037,2.7366,-0.13538,-0.74031,2.6913,-0.1288,-0.80271,2.6049,0.000382,0.077186,2.9873,0.003725,-0.44966,3.1321,-0.058662,-0.75331,3.1254,-0.028978,-0.80331,3.1788
-0.053764,0.13267,2.9234,-0.060093,0.20723,2.9276,-0.054535,0.57855,2.9252,-0.017595,0.75281,2.9153,-0.18402,0.45131,2.7869,-0.18789,0.29119,2.6412,-0.005981,0.4043,2.5104,0.053302,0.44098,2.4962,0.057251,0.4397,3.0321,0.093011,0.29551,3.1345,0.095154,0.18738,2.8786,0.10769,0.1377,2.8292,-0.11051,0.076297,2.8844,-0.13082,-0.43504,2.7235,-0.11078,-0.74756,2.635,-0.1098,-0.79199,2.551,0.003185,0.061054,2.9579,0.006438,-0.45496,3.1195,-0.057423,-0.75698,3.1272,-0.027145,-0.80669,3.1805
-0.050998,0.13297,2.912,-0.05908,0.20677,2.9135,-0.069331,0.57308,2.8907,-0.028098,0.74214,2.8989,-0.18215,0.44977,2.7872,-0.2085,0.31128,2.59,-0.030197,0.43433,2.4752,0.025014,0.47662,2.4604,0.058939,0.44899,3.0295,0.10406,0.30187,3.1254,0.089244,0.22589,2.858,0.098267,0.1684,2.7721,-0.10329,0.071889,2.8658,-0.12903,-0.39673,2.6825,-0.094469,-0.75466,2.5977,-0.12095,-0.80059,2.5281,0.005407,0.060458,2.954,0.018363,-0.44607,3.0895,-0.046965,-0.74545,3.1136,-0.01958,-0.79938,3.1643
-0.041591,0.12498,2.8868,-0.050027,0.19231,2.8877,-0.065063,0.51953,2.87,-0.033958,0.71991,2.8621,-0.17676,0.41523,2.7795,-0.21008,0.3479,2.5295,-0.070984,0.46668,2.445,-0.017277,0.51184,2.4336,0.077393,0.42627,2.9832,0.12621,0.26443,3.057,0.12209,0.21228,2.8546,0.13462,0.16263,2.8052,-0.095879,0.063753,2.8473,-0.10486,-0.43628,2.661,-0.08515,-0.75702,2.5867,-0.11967,-0.80792,2.4994,0.022015,0.047802,2.922,0.025253,-0.44499,3.0762,-0.036568,-0.74576,3.096,-0.008317,-0.7982,3.1478
-0.051457,0.1236,2.8376,-0.060079,0.19012,2.8509,-0.071467,0.52398,2.8615,-0.057204,0.73517,2.8323,-0.18857,0.40509,2.7661,-0.22112,0.36323,2.5071,-0.07605,0.52393,2.4381,-0.053282,0.59001,2.4252,0.071533,0.42895,2.909,0.12134,0.21094,2.8537,0.10011,0.20568,2.6454,0.11264,0.15604,2.5961,-0.1091,0.062624,2.8058,-0.10272,-0.43312,2.6562,-0.072934,-0.76135,2.5657,-0.11414,-0.82568,2.5275,0.016076,0.050181,2.8632,0.039398,-0.41406,3.0184,-0.022198,-0.71465,3.0394,0.006158,-0.76701,3.0912
-0.058283,0.11968,2.796,-0.07003,0.18782,2.804,-0.10614,0.53662,2.8075,-0.092102,0.73218,2.795,-0.21582,0.37926,2.7486,-0.28125,0.35132,2.5236,-0.1582,0.52978,2.4576,-0.12343,0.58915,2.4399,0.073059,0.41943,2.8328,0.14703,0.23825,2.7922,0.10767,0.23456,2.5729,0.12019,0.18494,2.5236,-0.11683,0.056366,2.7787,-0.095658,-0.42592,2.6092,-0.071753,-0.76339,2.5609,-0.11572,-0.83674,2.5099,0.017051,0.047245,2.8054,0.045538,-0.41043,2.9808,-0.016051,-0.71099,3.0018,0.012288,-0.76337,3.0536
-0.061797,0.12084,2.7665,-0.072419,0.18837,2.7845,-0.11903,0.53631,2.791,-0.10534,0.73218,2.7826,-0.22786,0.37796,2.7438,-0.31558,0.32352,2.5449,-0.18704,0.53576,2.4907,-0.15229,0.59509,2.473,0.060883,0.42944,2.7723,0.16612,0.26439,2.7332,0.030826,0.25728,2.578,0.04334,0.20769,2.5288,-0.12158,0.05328,2.7535,-0.095856,-0.42598,2.5932,-0.070598,-0.77035,2.5526,-0.11484,-0.83742,2.5077,0.018422,0.053616,2.7627,0.052216,-0.42065,2.9207,-0.009366,-0.72117,2.9417,-0.002742,-0.76249,2.8588
-0.070237,0.12834,2.7307,-0.080974,0.19599,2.7519,-0.13728,0.54525,2.769,-0.13749,0.72889,2.7586,-0.24916,0.38836,2.7432,-0.34625,0.29623,2.5739,-0.23047,0.49731,2.5338,-0.19572,0.55664,2.5161,0.047243,0.44317,2.7345,0.15268,0.28288,2.6679,-0.055725,0.24841,2.528,-0.12376,0.243,2.5084,-0.12596,0.055156,2.7309,-0.089434,-0.43028,2.578,-0.070341,-0.77171,2.5505,-0.11389,-0.83863,2.5016,0.008056,0.066761,2.7137,0.064956,-0.45562,2.8883,-0.024382,-0.74003,2.9484,-0.028948,-0.78109,2.8652
-0.068859,0.12689,2.6905,-0.078777,0.19429,2.7176,-0.14752,0.54538,2.739,-0.16225,0.72337,2.7402,-0.25257,0.39297,2.7387,-0.36162,0.25687,2.6231,-0.249,0.48707,2.5414,-0.21425,0.54639,2.5237,0.027445,0.45357,2.6995,0.13993,0.29696,2.6381,-0.01333,0.23509,2.5194,-0.10025,0.208,2.4888,-0.11694,0.054012,2.686,-0.11454,-0.40495,2.5576,-0.070104,-0.77138,2.5501,-0.11382,-0.83833,2.5013,0.004242,0.07221,2.6751,0.10626,-0.39355,2.784,0.010839,-0.7011,2.905,-0.00329,-0.74208,2.8229
-0.075046,0.12956,2.6676,-0.085631,0.19283,2.6988,-0.15468,0.53121,2.7241,-0.18068,0.7405,2.7332,-0.25561,0.43311,2.7039,-0.34786,0.25646,2.6755,-0.27246,0.46216,2.5651,-0.23772,0.52147,2.5474,0.020008,0.46325,2.6778,0.13609,0.3069,2.6175,-0.064791,0.17141,2.4965,-0.096971,0.17666,2.4335,-0.12095,0.057977,2.6672,-0.12068,-0.39292,2.5585,-0.069033,-0.77195,2.5488,-0.11576,-0.83887,2.4954,-0.005546,0.079303,2.6433,0.14502,-0.31006,2.6688,0.066284,-0.5542,2.9104,0.056553,-0.59476,2.8274
-0.086045,0.14089,2.6439,-0.092148,0.201,2.682,-0.15815,0.53379,2.7232,-0.19294,0.74206,2.726,-0.25857,0.43901,2.7057,-0.34703,0.25636,2.6796,-0.28432,0.4442,2.5664,-0.24959,0.5035,2.5487,0.001171,0.48205,2.6557,0.13515,0.32115,2.5966,0.003842,0.19787,2.506,-0.028331,0.20313,2.443,-0.13162,0.071796,2.6376,-0.12455,-0.38864,2.5617,-0.070641,-0.77109,2.5448,-0.11511,-0.83901,2.491,-0.020012,0.09618,2.6181,0.15996,-0.27104,2.5526,0.094604,-0.46362,2.8264,0.075493,-0.5038,2.7449
-0.087969,0.14361,2.6238,-0.094776,0.20272,2.6658,-0.16555,0.53647,2.72,-0.21178,0.74586,2.7154,-0.26966,0.39376,2.6904,-0.36471,0.22368,2.685,-0.28522,0.44344,2.565,-0.25049,0.50272,2.5473,-0.009513,0.48261,2.6484,0.13992,0.33791,2.5939,-0.004508,0.175,2.5007,-0.036673,0.18025,2.4377,-0.13061,0.068263,2.621,-0.12794,-0.38352,2.5671,-0.070639,-0.77101,2.5446,-0.11759,-0.84025,2.4913,-0.022168,0.10612,2.59,0.1782,-0.2267,2.4391,0.1775,-0.47534,2.7513,0.14532,-0.43989,2.8141
-0.095665,0.15433,2.6158,-0.10594,0.219,2.6592,-0.19605,0.59082,2.7196,-0.22285,0.74727,2.7058,-0.28975,0.44384,2.6945,-0.34577,0.25656,2.6811,-0.28747,0.44167,2.5629,-0.25275,0.50094,2.5453,-0.011243,0.48217,2.6463,0.13966,0.33967,2.5935,-0.00861,0.17264,2.4988,-0.040768,0.17789,2.4358,-0.13945,0.074203,2.613,-0.1281,-0.38315,2.5673,-0.069578,-0.76786,2.5447,-0.11826,-0.83976,2.4925,-0.025247,0.11412,2.5847,0.16984,-0.15172,2.3243,0.16914,-0.40032,2.6365,0.15171,-0.44044,2.5546
-0.099411,0.15729,2.6115,-0.10934,0.22157,2.6568,-0.19752,0.59114,2.7145,-0.24386,0.73925,2.691,-0.29122,0.44416,2.6894,-0.34434,0.25598,2.6747,-0.29092,0.43268,2.5617,-0.27129,0.48238,2.5151,-0.015361,0.48284,2.6443,0.13809,0.34262,2.5936,-0.014301,0.17361,2.4943,-0.046456,0.17886,2.4313,-0.14284,0.074018,2.6106,-0.088841,-0.40402,2.5654,-0.071852,-0.76833,2.5444,-0.11786,-0.83979,2.4986,-0.028877,0.1199,2.5783,0.17489,-0.13059,2.3092,0.17419,-0.37921,2.6213,0.15743,-0.41935,2.5393
-0.10185,0.15829,2.6094,-0.11361,0.2215,2.6559,-0.19974,0.56243,2.6901,-0.26155,0.70263,2.662,-0.29345,0.41545,2.665,-0.35105,0.23255,2.6786,-0.30332,0.39614,2.5451,-0.28591,0.44812,2.5001,-0.01658,0.47994,2.643,0.17273,0.40283,2.6447,0.015701,0.22693,2.5377,-0.016449,0.23218,2.4747,-0.14779,0.072406,2.609,-0.085454,-0.40104,2.5613,-0.071077,-0.76731,2.5417,-0.11608,-0.83739,2.4949,-0.029277,0.12133,2.5767,0.19501,-0.018324,2.2474,0.19431,-0.26696,2.5596,0.14269,-0.35979,2.5487
-0.11329,0.13165,2.6161,-0.12518,0.19156,2.6593,-0.19982,0.5252,2.6745,-0.27008,0.67192,2.6455,-0.29353,0.37822,2.6494,-0.37964,0.20257,2.6169,-0.29067,0.43067,2.5028,-0.27423,0.48093,2.4556,-0.022349,0.47191,2.6423,0.1657,0.40245,2.6417,0.008669,0.22655,2.5347,-0.023475,0.23179,2.4717,-0.16485,0.045702,2.624,-0.064732,-0.37639,2.5447,-0.067415,-0.76414,2.5389,-0.10859,-0.83508,2.4947,-0.037444,0.085768,2.5862,0.20318,0.075304,2.2387,0.20248,-0.17336,2.5509,0.15616,-0.26916,2.5423
-0.091293,0.11762,2.614,-0.10835,0.17649,2.6566,-0.19878,0.49742,2.6625,-0.27101,0.63356,2.6366,-0.29249,0.35043,2.6374,-0.36828,0.17049,2.6238,-0.28198,0.39648,2.5338,-0.26555,0.44673,2.4866,-0.025751,0.46017,2.6409,0.15496,0.39098,2.6438,-0.01104,0.21851,2.5354,-0.043176,0.22376,2.4724,-0.13335,0.037482,2.6177,-0.056688,-0.38038,2.5389,-0.064307,-0.76346,2.5412,-0.10735,-0.83458,2.4946,-0.008606,0.069917,2.59,0.16504,0.13257,2.161,0.16434,-0.11606,2.4732,0.12688,-0.21599,2.4763
-0.082743,0.11304,2.6121,-0.1003,0.1713,2.6547,-0.18911,0.49332,2.6541,-0.28039,0.61467,2.6232,-0.28282,0.34633,2.629,-0.36362,0.1688,2.5886,-0.28373,0.3841,2.5298,-0.26731,0.43433,2.4826,-0.031868,0.45801,2.6433,0.14983,0.39433,2.6517,-0.022395,0.22375,2.5418,-0.054523,0.229,2.4789,-0.1261,0.035749,2.6179,-0.05494,-0.37342,2.5286,-0.05479,-0.75554,2.5326,-0.10502,-0.83332,2.4946,-0.005958,0.069476,2.5892,0.17126,0.14152,2.1572,0.17056,-0.10707,2.4694,0.13298,-0.20693,2.4729
-0.072314,0.11304,2.6034,-0.079164,0.17072,2.6453,-0.16998,0.45813,2.6388,-0.2747,0.61681,2.611,-0.289,0.35254,2.7079,-0.34101,0.20288,2.5673,-0.25659,0.39966,2.4811,-0.24017,0.44988,2.4339,-0.03608,0.45786,2.6451,0.14831,0.42629,2.676,-0.044953,0.27621,2.5622,-0.077074,0.28145,2.4992,-0.10461,0.032831,2.5954,-0.050862,-0.37161,2.526,-0.050854,-0.75705,2.5323,-0.11251,-0.8329,2.4894,-0.000427,0.073908,2.5868,0.1856,0.19409,2.1375,0.1849,-0.054471,2.4496,0.14799,-0.15446,2.4554
-0.072556,0.11794,2.5987,-0.079362,0.17482,2.6403,-0.1706,0.46169,2.6279,-0.27267,0.61926,2.6016,-0.29035,0.35746,2.6975,-0.29665,0.23522,2.4654,-0.22681,0.45252,2.4616,-0.21039,0.50273,2.4144,-0.04197,0.46253,2.6369,0.14392,0.43214,2.6633,-0.048257,0.2799,2.5508,-0.080371,0.28514,2.4879,-0.11189,0.042441,2.5948,-0.053126,-0.36516,2.5203,-0.047333,-0.76257,2.5366,-0.10979,-0.83608,2.4909,0.002248,0.078259,2.5821,0.18269,0.19162,2.1381,0.18199,-0.056901,2.4501,0.14538,-0.157,2.4559
-0.072618,0.13109,2.5899,-0.075855,0.17674,2.6353,-0.13733,0.42188,2.6278,-0.25911,0.59883,2.5956,-0.25787,0.31909,2.6981,-0.30543,0.26484,2.4904,-0.22484,0.49439,2.5276,-0.20841,0.54462,2.4804,-0.016155,0.42619,2.6393,0.17077,0.39437,2.6609,0.12014,0.21232,2.4626,0.11217,0.14307,2.3968,-0.11869,0.0667,2.5799,-0.05124,-0.36136,2.5118,-0.044463,-0.76033,2.5312,-0.11329,-0.8341,2.4964,0.002,0.085453,2.5756,0.19385,0.17266,2.1235,0.19315,-0.075908,2.4356,0.15434,-0.17505,2.4433
-0.067333,0.12891,2.5776,-0.068007,0.17228,2.6224,-0.1365,0.42077,2.6261,-0.25638,0.59816,2.5917,-0.25704,0.31799,2.6964,-0.25738,0.35791,2.4791,-0.18748,0.56837,2.5081,-0.17106,0.6186,2.4609,-0.014819,0.42439,2.6375,0.17206,0.3934,2.6595,0.12293,0.21062,2.4617,0.11495,0.14137,2.3959,-0.11438,0.062253,2.564,-0.057293,-0.36087,2.5017,-0.042186,-0.75923,2.527,-0.11021,-0.83256,2.4897,0.008068,0.083508,2.5645,0.19484,0.17882,2.1158,0.19414,-0.069794,2.428,0.15556,-0.16897,2.4365
-0.076657,0.13539,2.5766,-0.073929,0.18707,2.6204,-0.17371,0.47363,2.6316,-0.26808,0.62412,2.5815,-0.34131,0.38257,2.7469,-0.25392,0.35652,2.4977,-0.18408,0.57381,2.4939,-0.16766,0.62403,2.4468,-0.097534,0.46509,2.6326,0.089619,0.43577,2.6546,-0.14068,0.33295,2.562,-0.16022,0.26963,2.5871,-0.12322,0.066914,2.5687,-0.057527,-0.35801,2.4999,-0.042032,-0.75989,2.5258,-0.10994,-0.83316,2.4882,-0.003106,0.093992,2.5583,0.19121,0.17805,2.1112,0.19051,-0.070525,2.4233,0.15235,-0.16981,2.4324
-0.098261,0.16581,2.5805,-0.091869,0.2088,2.6255,-0.17035,0.47447,2.6311,-0.25786,0.62833,2.5826,-0.33634,0.39152,2.7548,-0.32031,0.19641,2.5666,-0.22414,0.42326,2.4576,-0.20772,0.47346,2.4104,-0.014893,0.4624,2.6433,0.17195,0.41451,2.6486,-0.071786,0.33581,2.5699,-0.091412,0.27233,2.5944,-0.15634,0.088594,2.573,-0.05735,-0.36494,2.4972,-0.041429,-0.75912,2.5257,-0.10933,-0.83235,2.488,-0.008091,0.10011,2.5591,0.18245,0.16844,2.103,0.18175,-0.080175,2.4152,0.14417,-0.17955,2.4256
-0.096052,0.16271,2.5774,-0.090793,0.20819,2.6241,-0.16827,0.47719,2.6284,-0.25256,0.63476,2.5795,-0.33556,0.39636,2.7548,-0.31712,0.20678,2.5675,-0.2345,0.41162,2.4518,-0.21808,0.46182,2.4046,-0.013019,0.4612,2.6408,0.16865,0.39078,2.6292,-0.081173,0.32521,2.5598,-0.10177,0.26214,2.5845,-0.1422,0.072494,2.5641,-0.070956,-0.37731,2.4883,-0.041953,-0.75895,2.5237,-0.10983,-0.83206,2.4857,-0.009538,0.10074,2.5578,0.17059,0.14597,2.0969,0.16989,-0.10268,2.4091,0.13275,-0.20211,2.4206
-0.097118,0.16223,2.5765,-0.091872,0.21033,2.6233,-0.16929,0.50284,2.6237,-0.24551,0.6575,2.5854,-0.33927,0.42806,2.7547,-0.31131,0.21798,2.5721,-0.23328,0.41069,2.4558,-0.21687,0.46089,2.4086,-0.004358,0.45887,2.6281,0.17725,0.36084,2.6213,-0.0783,0.31376,2.5596,-0.098577,0.25004,2.5829,-0.14366,0.071107,2.5645,-0.075923,-0.39076,2.4866,-0.04208,-0.76029,2.5226,-0.10737,-0.83571,2.4845,-0.015405,0.10108,2.5555,0.15575,0.12982,2.1005,0.15504,-0.11886,2.4128,0.11897,-0.21872,2.424
-0.10147,0.1551,2.5736,-0.093883,0.20436,2.6204,-0.15859,0.4763,2.6165,-0.2406,0.66432,2.5864,-0.32869,0.39926,2.7487,-0.30188,0.23557,2.5894,-0.24699,0.40648,2.4611,-0.23058,0.45667,2.414,0.003174,0.45644,2.6194,0.17338,0.3621,2.6103,-0.084107,0.3185,2.5565,-0.1043,0.25463,2.5794,-0.15248,0.059481,2.5654,-0.076592,-0.38963,2.4878,-0.042764,-0.7612,2.5221,-0.11096,-0.8427,2.5118,-0.023379,0.094727,2.5509,0.12627,0.11506,2.1036,0.12557,-0.13367,2.4159,0.092523,-0.23459,2.427
-0.10731,0.15579,2.5713,-0.098295,0.20393,2.6185,-0.15865,0.47532,2.616,-0.2253,0.68073,2.5868,-0.32881,0.3984,2.7483,-0.29982,0.24119,2.5942,-0.24434,0.46044,2.4443,-0.22794,0.51062,2.3972,0.009858,0.46521,2.6187,0.17556,0.36282,2.607,-0.083103,0.32503,2.5552,-0.098635,0.26309,2.5857,-0.16844,0.061307,2.5667,-0.083948,-0.38066,2.4894,-0.043391,-0.76022,2.5205,-0.10302,-0.84253,2.5116,-0.02743,0.092941,2.5451,0.068151,-0.013308,2.146,0.06745,-0.26206,2.4584,0.036855,-0.36417,2.4646
-0.13157,0.16052,2.5763,-0.11889,0.21568,2.6238,-0.1626,0.54834,2.6316,-0.22596,0.69933,2.5834,-0.33313,0.47168,2.7645,-0.30305,0.25796,2.5882,-0.26414,0.41795,2.4699,-0.24773,0.46814,2.4228,0.01313,0.46786,2.6173,0.16835,0.34934,2.5923,-0.093085,0.32973,2.5461,-0.10413,0.26497,2.5725,-0.20838,0.080537,2.5756,-0.097236,-0.3753,2.4958,-0.044096,-0.76009,2.5198,-0.11126,-0.83993,2.4971,-0.055258,0.086089,2.5512,0.07744,-0.014382,2.1619,0.23096,-0.22131,2.426,0.1807,-0.31494,2.4365
-0.13409,0.18282,2.5685,-0.12105,0.23625,2.6176,-0.16215,0.55083,2.6307,-0.21274,0.71771,2.5857,-0.33268,0.47417,2.7636,-0.31519,0.26527,2.5777,-0.2384,0.4751,2.444,-0.22199,0.52528,2.3968,0.017862,0.47331,2.6168,0.16378,0.34352,2.593,-0.097691,0.33337,2.543,-0.1166,0.27245,2.5737,-0.20783,0.094489,2.562,-0.099809,-0.37758,2.5034,-0.049861,-0.76116,2.5184,-0.1121,-0.84086,2.4947,-0.05268,0.11612,2.5451,0.051081,0.041191,2.1411,0.16699,-0.28336,2.3553,0.12106,-0.37708,2.3779
-0.10639,0.19692,2.5654,-0.099971,0.24897,2.6158,-0.16043,0.55354,2.6305,-0.20286,0.72415,2.5868,-0.33096,0.47688,2.7633,-0.31706,0.26804,2.576,-0.23292,0.49095,2.4486,-0.21652,0.54112,2.4014,0.020575,0.47727,2.6166,0.15864,0.33915,2.6003,-0.10195,0.33759,2.5434,-0.1184,0.27614,2.5744,-0.16546,0.10358,2.5506,-0.10056,-0.38263,2.5148,-0.05538,-0.76201,2.5195,-0.11031,-0.84063,2.4929,-0.011313,0.1423,2.5456,0.062849,-0.042185,2.1725,0.14176,-0.3644,2.4044,0.092529,-0.45773,2.4209
-0.094803,0.1877,2.5631,-0.096757,0.2433,2.6161,-0.15761,0.56157,2.6285,-0.19736,0.73293,2.5859,-0.29846,0.43298,2.6892,-0.31963,0.26259,2.5703,-0.23482,0.48799,2.4485,-0.21842,0.53815,2.4013,0.02211,0.47824,2.6182,0.16145,0.33396,2.6138,-0.092268,0.35962,2.5316,-0.31889,0.319,2.5103,-0.15391,0.094386,2.5508,-0.10215,-0.38943,2.5288,-0.056654,-0.76024,2.5249,-0.10826,-0.83567,2.497,-0.007779,0.13767,2.5447,0.082564,-0.13555,2.2379,0.13597,-0.42663,2.5103,0.080981,-0.51808,2.5057
-0.093973,0.1909,2.5663,-0.093519,0.24724,2.6184,-0.15501,0.56792,2.6275,-0.1909,0.74332,2.5869,-0.3584,0.43799,2.7215,-0.31906,0.26911,2.573,-0.23224,0.49112,2.446,-0.21585,0.54128,2.3988,0.024292,0.47956,2.6207,0.15937,0.32893,2.6239,-0.093723,0.35221,2.5388,-0.32059,0.31058,2.5146,-0.15601,0.093223,2.5526,-0.10369,-0.39961,2.5404,-0.061463,-0.76342,2.536,-0.12959,-0.84379,2.5536,-0.002834,0.13662,2.5505,0.083435,-0.21313,2.3394,0.1276,-0.49882,2.6186,0.068071,-0.58228,2.5886
-0.091782,0.19473,2.5712,-0.091409,0.25091,2.6227,-0.15273,0.56981,2.6275,-0.18176,0.74463,2.5852,-0.35885,0.44245,2.7227,-0.32456,0.27115,2.562,-0.22109,0.49286,2.4493,-0.20469,0.543,2.4022,0.028611,0.48071,2.6275,0.15003,0.3189,2.6382,-0.099757,0.34725,2.544,-0.32071,0.30951,2.5135,-0.15677,0.093874,2.5549,-0.10669,-0.40368,2.5463,-0.063115,-0.76565,2.5401,-0.10742,-0.83838,2.4924,0.003135,0.13489,2.5586,0.084473,-0.24658,2.409,0.11172,-0.51956,2.7017,0.056732,-0.59662,2.6521
-0.088592,0.19521,2.5779,-0.089657,0.25234,2.6286,-0.14827,0.57347,2.6269,-0.17347,0.75306,2.5846,-0.35907,0.44354,2.714,-0.33044,0.2712,2.5486,-0.22215,0.49348,2.4426,-0.20576,0.54361,2.3955,0.030321,0.48253,2.6357,0.14221,0.30782,2.6489,-0.1034,0.34343,2.5454,-0.31831,0.31121,2.5084,-0.15613,0.092876,2.5617,-0.11024,-0.40795,2.5579,-0.064446,-0.76646,2.5437,-0.10408,-0.83581,2.4929,0.00851,0.13059,2.5704,0.088501,-0.31055,2.493,0.090713,-0.58192,2.7883,0.040527,-0.64413,2.7173
-0.082443,0.19426,2.5889,-0.087632,0.25185,2.6394,-0.14291,0.57425,2.63,-0.16147,0.74836,2.5873,-0.35942,0.43365,2.6964,-0.33214,0.27156,2.5425,-0.22236,0.49188,2.4336,-0.20597,0.54201,2.3865,0.041743,0.479,2.6577,0.14221,0.28649,2.6763,-0.096303,0.3302,2.5586,-0.31587,0.30639,2.5057,-0.15304,0.090124,2.5704,-0.11022,-0.4102,2.5603,-0.065917,-0.7649,2.5467,-0.10555,-0.83708,2.494,0.017586,0.12346,2.5855,0.096863,-0.34131,2.5633,0.072044,-0.61067,2.8594,0.029208,-0.66281,2.7765
-0.069064,0.17385,2.6037,-0.081507,0.23605,2.6539,-0.13173,0.57649,2.6422,-0.14709,0.74776,2.5948,-0.29419,0.42334,2.6492,-0.33457,0.25641,2.5306,-0.27884,0.41868,2.4244,-0.24193,0.47704,2.4092,0.045154,0.47713,2.6671,0.14074,0.28175,2.696,0.045173,0.13517,2.4851,0.025391,0.07312,2.5182,-0.13913,0.083866,2.5828,-0.11024,-0.41097,2.5627,-0.066422,-0.76443,2.5489,-0.10624,-0.8369,2.4904,0.021284,0.10884,2.5983,0.099854,-0.38721,2.6531,0.07225,-0.61964,2.8757,0.030083,-0.66871,2.7907
-0.066403,0.17071,2.6113,-0.080472,0.23198,2.6621,-0.11901,0.57576,2.6517,-0.13381,0.74882,2.5994,-0.29204,0.42449,2.6449,-0.32505,0.26881,2.5061,-0.21443,0.48985,2.4003,-0.17751,0.54821,2.3851,0.052096,0.4766,2.6873,0.14093,0.28212,2.7257,0.057407,0.13017,2.5135,0.029118,0.052355,2.526,-0.13646,0.082711,2.5896,-0.10865,-0.40972,2.5672,-0.067272,-0.76178,2.551,-0.10344,-0.8296,2.4928,0.023187,0.10144,2.6135,0.082275,-0.38989,2.7215,0.056697,-0.68672,2.9925,0.022751,-0.71581,2.8954
-0.061906,0.16838,2.6225,-0.077256,0.22944,2.6733,-0.10934,0.57545,2.6632,-0.12255,0.75068,2.606,-0.28578,0.42815,2.6443,-0.32409,0.2713,2.5089,-0.22641,0.45641,2.3998,-0.19644,0.5096,2.3642,0.05853,0.47687,2.7044,0.13902,0.28123,2.7579,0.10483,0.14026,2.5973,0.086029,0.079712,2.6324,-0.1324,0.083487,2.5965,-0.10494,-0.40734,2.5732,-0.06917,-0.75394,2.5534,-0.10523,-0.82842,2.4968,0.026264,0.096145,2.6298,0.073853,-0.41431,2.7957,0.060303,-0.67236,3.0236,0.02733,-0.70235,2.9264
-0.054641,0.16385,2.6448,-0.076914,0.22644,2.6907,-0.10337,0.57442,2.6721,-0.10637,0.75204,2.6145,-0.26562,0.42756,2.6386,-0.32453,0.27004,2.514,-0.22413,0.45291,2.4003,-0.19415,0.50538,2.3636,0.070612,0.4812,2.7527,0.13864,0.27419,2.7893,0.10938,0.13636,2.6201,0.089844,0.085022,2.5709,-0.12446,0.083192,2.6121,-0.087097,-0.45239,2.6082,-0.069038,-0.7614,2.5533,-0.10692,-0.82973,2.4958,0.032094,0.088037,2.6658,0.071045,-0.42188,2.8543,0.045737,-0.64765,3.0405,0.016337,-0.68106,2.9433
-0.047781,0.15891,2.6712,-0.071038,0.22204,2.7154,-0.092978,0.57082,2.6946,-0.087664,0.75071,2.6345,-0.24771,0.42457,2.6403,-0.30867,0.25121,2.5493,-0.22958,0.40996,2.4214,-0.20322,0.46335,2.3833,0.073526,0.47954,2.766,0.13767,0.28106,2.8301,0.1236,0.13385,2.6783,0.11031,0.070071,2.6108,-0.11591,0.081339,2.6323,-0.092198,-0.45114,2.6007,-0.069042,-0.76045,2.5548,-0.10804,-0.83042,2.4959,0.035787,0.08269,2.6962,0.065689,-0.41549,2.8889,0.03344,-0.64346,3.0717,0.007207,-0.67626,2.9734
-0.045321,0.16389,2.6907,-0.070275,0.22702,2.7304,-0.086905,0.57182,2.7065,-0.069898,0.75678,2.6605,-0.2337,0.43695,2.6513,-0.27303,0.24873,2.5935,-0.18061,0.42057,2.4028,-0.15603,0.46643,2.355,0.084129,0.47313,2.7992,0.13362,0.26772,2.842,0.12465,0.088997,2.6671,0.10927,0.038875,2.6197,-0.10964,0.093955,2.6584,-0.092098,-0.44741,2.6029,-0.069789,-0.75665,2.5562,-0.10884,-0.83172,2.4967,0.034676,0.082935,2.7146,0.0583,-0.40724,2.925,0.010402,-0.62121,3.1192,-0.010441,-0.65535,3.0201
-0.041748,0.15575,2.7255,-0.066682,0.2221,2.7578,-0.076832,0.56872,2.7233,-0.060185,0.75645,2.6675,-0.22137,0.44065,2.6599,-0.27148,0.25076,2.5961,-0.18879,0.37704,2.4248,-0.16204,0.41788,2.3737,0.085223,0.46888,2.8276,0.12634,0.25384,2.8816,0.12781,0.092773,2.7213,0.11758,0.042718,2.6712,-0.10576,0.087046,2.6873,-0.093933,-0.39575,2.6258,-0.070625,-0.75325,2.5579,-0.1119,-0.82959,2.5137,0.033184,0.075434,2.761,0.056963,-0.41474,2.9653,-0.002689,-0.64367,3.1407,-0.021133,-0.6737,3.0397
-0.036565,0.15728,2.7521,-0.062792,0.22314,2.7769,-0.071628,0.56348,2.7361,-0.037279,0.74107,2.6933,-0.20918,0.43944,2.6752,-0.26646,0.24654,2.6101,-0.18534,0.36927,2.4352,-0.15753,0.41134,2.3799,0.092651,0.46558,2.8797,0.12662,0.24863,2.8968,0.13212,0.086178,2.7471,0.13259,0.026302,2.7096,-0.098096,0.088713,2.7168,-0.083627,-0.41758,2.6422,-0.070866,-0.75471,2.5581,-0.114,-0.83488,2.5131,0.037432,0.075495,2.7898,0.05644,-0.41281,2.975,-0.005127,-0.64202,3.1493,-0.022897,-0.67183,3.0482
-0.030205,0.14748,2.7921,-0.054862,0.21436,2.8123,-0.066867,0.55363,2.7641,-0.030281,0.73472,2.7067,-0.20412,0.43238,2.6896,-0.24954,0.23042,2.6442,-0.14126,0.38229,2.4447,-0.13845,0.41123,2.3803,0.090649,0.46219,2.8896,0.12231,0.24512,2.9513,0.12894,0.070317,2.7895,0.14238,0.02176,2.7399,-0.089433,0.075412,2.7562,-0.086983,-0.40428,2.6493,-0.07092,-0.75709,2.5591,-0.12162,-0.8371,2.5094,0.042582,0.068572,2.8337,0.049652,-0.42871,3.0301,-0.014797,-0.65609,3.2054,-0.03007,-0.68198,3.1028
-0.022194,0.13679,2.8248,-0.047413,0.20581,2.8372,-0.061619,0.54924,2.7787,-0.008205,0.72499,2.7346,-0.19449,0.42226,2.7089,-0.24315,0.22733,2.6493,-0.12106,0.39523,2.4737,-0.080357,0.4512,2.4195,0.090456,0.4457,2.9359,0.12306,0.23636,2.9725,0.13088,0.071824,2.8552,0.14258,0.019165,2.8092,-0.079227,0.066314,2.7925,-0.090399,-0.40304,2.6562,-0.078115,-0.77892,2.5521,-0.12656,-0.84479,2.5068,0.048715,0.05893,2.869,0.056661,-0.43366,3.0468,0.02185,-0.67586,3.2119,0.001117,-0.69884,3.1095
-0.011123,0.12356,2.8661,-0.034849,0.19497,2.8741,-0.052571,0.54642,2.8042,-0.006245,0.72056,2.7418,-0.18349,0.41544,2.7261,-0.22655,0.21866,2.6731,-0.11719,0.39697,2.5162,-0.10028,0.42279,2.4527,0.088501,0.44269,2.9461,0.12323,0.22963,2.9871,0.13085,0.069609,2.863,0.14298,0.014911,2.8192,-0.065802,0.053758,2.8355,-0.092041,-0.47266,2.6746,-0.092585,-0.78099,2.5547,-0.12786,-0.84554,2.5067,0.056381,0.054376,2.9101,0.046853,-0.43902,3.0634,0.010126,-0.6855,3.2223,-0.009259,-0.70735,3.1194
0.001329,0.1457,2.921,-0.025524,0.21255,2.9262,-0.044159,0.54541,2.8562,0.011658,0.7229,2.7978,-0.1708,0.40818,2.7556,-0.20011,0.21889,2.6942,-0.074878,0.41988,2.5653,-0.047706,0.45359,2.5095,0.089172,0.45386,3.0222,0.11993,0.2196,3.047,0.12893,0.04493,2.9481,0.13694,-0.016365,2.9139,-0.049276,0.059366,2.8873,-0.11247,-0.43881,2.7036,-0.15527,-0.77344,2.6252,-0.13294,-0.83447,2.5685,0.0684,0.087346,2.9733,0.032138,-0.43609,3.1094,-0.041204,-0.69502,3.2377,-0.057725,-0.71549,3.1339
-0.000485,0.1406,2.9299,-0.026816,0.20925,2.9336,-0.044619,0.54541,2.8575,0.013697,0.72491,2.8091,-0.16767,0.41031,2.7681,-0.19119,0.21679,2.7279,-0.087524,0.35449,2.6217,-0.060353,0.3882,2.5659,0.087976,0.45427,3.0229,0.11952,0.23754,3.0616,0.13039,0.047239,2.9771,0.13762,-0.011949,2.9305,-0.049969,0.059903,2.8921,-0.11203,-0.4265,2.7137,-0.1814,-0.77246,2.6759,-0.1458,-0.82335,2.627,0.063534,0.070162,2.9931,0.032374,-0.43254,3.1144,-0.056885,-0.73633,3.2091,-0.033572,-0.80473,3.1771
-0.005675,0.14402,2.935,-0.029259,0.21216,2.9379,-0.045191,0.54807,2.8694,0.017261,0.71838,2.8205,-0.16657,0.41613,2.7864,-0.1905,0.22317,2.7494,-0.07585,0.34705,2.6313,-0.019028,0.39795,2.608,0.08469,0.45559,3.0338,0.11886,0.24267,3.0764,0.12537,0.003828,3.0104,0.13355,-0.061251,2.9635,-0.054411,0.063243,2.894,-0.10895,-0.40047,2.7364,-0.19286,-0.77435,2.7213,-0.15623,-0.84079,2.699,0.057528,0.07144,2.9984,0.031674,-0.43133,3.1193,-0.060248,-0.74132,3.2063,-0.058051,-0.80978,3.1241
-0.009903,0.1532,2.9464,-0.033552,0.2208,2.9501,-0.044525,0.55613,2.8886,0.017437,0.72208,2.8273,-0.16729,0.42962,2.8064,-0.19717,0.23419,2.7613,-0.042611,0.31602,2.6625,0.016229,0.37097,2.611,0.079009,0.48315,3.072,0.1161,0.27344,3.1152,0.11681,0.078734,3.1043,0.12494,0.027939,3.0572,-0.059576,0.079489,2.9117,-0.113,-0.39978,2.7572,-0.21313,-0.77197,2.7795,-0.17297,-0.82954,2.7169,0.052092,0.080634,3.0029,0.032594,-0.42212,3.124,-0.077412,-0.74664,3.1808,-0.049056,-0.82041,3.1797
-0.009327,0.158,2.9641,-0.033184,0.22569,2.9664,-0.046259,0.55956,2.8962,0.017612,0.72386,2.8575,-0.16711,0.43375,2.8142,-0.20148,0.23317,2.7872,-0.009277,0.30981,2.6471,0.039547,0.35033,2.616,0.07634,0.48541,3.0678,0.11342,0.27554,3.1107,0.11941,0.012205,3.0944,0.14416,-0.053578,3.1014,-0.05309,0.07982,2.9292,-0.11685,-0.39605,2.7844,-0.22293,-0.76073,2.8027,-0.17823,-0.82517,2.74,0.048284,0.087119,3.0207,0.031947,-0.41713,3.1291,-0.082318,-0.74795,3.1751,-0.049512,-0.81907,3.1856
-0.009504,0.15855,2.9641,-0.033114,0.22595,2.9676,-0.045633,0.56417,2.9129,0.014229,0.72575,2.8658,-0.1653,0.43844,2.8237,-0.20359,0.23483,2.7927,-0.013565,0.26105,2.6637,0.0451,0.28086,2.6297,0.072105,0.47912,3.066,0.10916,0.26894,3.1086,0.11974,0.015951,3.1048,0.13186,-0.053578,3.1068,-0.055978,0.0843,2.9243,-0.12197,-0.40257,2.7955,-0.22659,-0.75907,2.8184,-0.18281,-0.82673,2.749,0.048661,0.088279,3.021,0.029212,-0.41716,3.132,-0.088621,-0.75644,3.1864,-0.047238,-0.82351,3.1808
-0.012567,0.15945,2.9659,-0.036106,0.22691,2.9713,-0.046648,0.5682,2.9263,0.008267,0.72864,2.8856,-0.1658,0.44452,2.8324,-0.21045,0.23988,2.7992,-0.006917,0.21529,2.6771,0.069885,0.21973,2.649,0.069849,0.47283,3.0735,0.09236,0.25389,3.0917,0.11978,0.013376,3.1088,0.13104,-0.056283,3.1067,-0.058536,0.086344,2.9247,-0.1276,-0.40489,2.8097,-0.22814,-0.7595,2.8248,-0.18582,-0.82688,2.7535,0.044096,0.087501,3.0214,0.023379,-0.41401,3.134,-0.088456,-0.75429,3.1863,-0.051658,-0.82143,3.1668
-0.01826,0.15514,2.9701,-0.041136,0.22253,2.9783,-0.048474,0.56645,2.9463,0.005816,0.73106,2.898,-0.1659,0.45012,2.8417,-0.21049,0.23538,2.8024,-0.035553,0.16052,2.7076,0.050628,0.14835,2.6683,0.068417,0.46772,3.0821,0.089831,0.24889,3.0883,0.12744,0.007313,3.1725,0.13285,-0.051374,3.126,-0.06294,0.085024,2.9276,-0.13771,-0.4087,2.8311,-0.22964,-0.75982,2.8277,-0.18705,-0.82523,2.7547,0.03653,0.082147,3.0211,0.018751,-0.41045,3.1367,-0.088319,-0.75313,3.189,-0.052505,-0.82021,3.1677
-0.024865,0.15206,2.9718,-0.046809,0.2204,2.9815,-0.05231,0.56968,2.9564,0.003982,0.73249,2.907,-0.1689,0.45324,2.8471,-0.21228,0.23372,2.806,-0.034363,0.10919,2.7272,0.044026,0.082038,2.6798,0.066461,0.46336,3.0929,0.089949,0.24498,3.094,0.1269,-0.001693,3.1653,0.13456,-0.073414,3.1433,-0.068714,0.084398,2.928,-0.13999,-0.41454,2.8401,-0.23252,-0.76076,2.8349,-0.19038,-0.82421,2.76,0.025866,0.073027,3.0195,0.016428,-0.41145,3.1396,-0.091975,-0.75377,3.1835,-0.058029,-0.82114,3.1602
-0.026589,0.15312,2.9741,-0.049275,0.2218,2.9849,-0.055076,0.5738,2.9635,0.002684,0.73938,2.9189,-0.16778,0.45504,2.8532,-0.21302,0.23291,2.8078,-0.086911,0.088468,2.761,-0.013188,0.038885,2.7259,0.061877,0.47066,3.1041,0.088517,0.24656,3.0944,0.12718,0.001661,3.1699,0.13584,-0.08148,3.1517,-0.071879,0.08659,2.9285,-0.14149,-0.41545,2.8427,-0.2325,-0.76077,2.8349,-0.19014,-0.82456,2.7604,0.025667,0.075946,3.0227,0.014646,-0.41209,3.142,-0.092101,-0.75479,3.1846,-0.055785,-0.8218,3.164
-0.028085,0.15851,2.9806,-0.050854,0.22726,2.9921,-0.058047,0.57812,2.9688,0.00234,0.74249,2.9271,-0.16884,0.45768,2.8637,-0.21244,0.22997,2.8118,-0.066702,0.013031,2.7655,-0.011661,-0.020997,2.7372,0.05991,0.47468,3.1083,0.085531,0.21741,3.1328,0.1286,-0.008809,3.1742,0.13527,-0.088314,3.1582,-0.072861,0.087767,2.9292,-0.14375,-0.41754,2.8448,-0.23342,-0.76166,2.8354,-0.19,-0.82399,2.7603,0.027233,0.083835,3.0365,0.012515,-0.41034,3.1428,-0.092023,-0.75506,3.1845,-0.055092,-0.82208,3.1652
-0.027505,0.16008,2.9869,-0.050565,0.22915,2.9983,-0.060123,0.5821,2.9732,0.000334,0.74454,2.9356,-0.16925,0.45848,2.8677,-0.21007,0.22599,2.8184,-0.12207,0.038239,2.774,-0.077712,-0.046338,2.7709,0.059082,0.47656,3.1091,0.0879,0.22333,3.15,0.12867,-0.010605,3.1822,0.132,-0.10569,3.1734,-0.072614,0.088507,2.9338,-0.14656,-0.41824,2.8457,-0.23348,-0.76176,2.8356,-0.19017,-0.82407,2.7605,0.028948,0.085748,3.0426,0.008457,-0.41044,3.1454,-0.09135,-0.75608,3.1872,-0.054403,-0.82215,3.1648
-0.025704,0.1597,2.9951,-0.048957,0.22973,3.0058,-0.059779,0.58624,2.9773,-0.002427,0.75077,2.9419,-0.16999,0.45818,2.8707,-0.20801,0.21628,2.8339,-0.13976,0.037279,2.7851,-0.10725,-0.052088,2.7758,0.058537,0.47748,3.1099,0.087791,0.22464,3.1524,0.12094,-0.035688,3.164,0.13003,-0.10562,3.1678,-0.07042,0.087309,2.9472,-0.14855,-0.41864,2.8462,-0.23347,-0.76167,2.8357,-0.19037,-0.82398,2.7605,0.03055,0.087286,3.0473,0.005937,-0.41064,3.1487,-0.090753,-0.75634,3.1894,-0.054408,-0.8217,3.1642
-0.025812,0.15873,2.9984,-0.048866,0.22919,3.0092,-0.060134,0.5875,2.9795,-0.004039,0.75329,2.9566,-0.17112,0.45949,2.8766,-0.20672,0.21538,2.8435,-0.15128,0.031503,2.797,-0.14001,-0.03819,2.7951,0.059542,0.47383,3.1117,0.088309,0.22133,3.156,0.12608,-0.007309,3.1821,0.13397,-0.072987,3.2069,-0.071132,0.086781,2.9511,-0.15421,-0.42247,2.847,-0.23357,-0.76175,2.8358,-0.19066,-0.82367,2.7601,0.030878,0.086687,3.0492,0.003071,-0.40905,3.1511,-0.08978,-0.75693,3.1973,-0.055278,-0.81905,3.163
-0.026917,0.15891,2.9993,-0.049955,0.22948,3.0101,-0.060623,0.58864,2.981,-0.004313,0.75606,2.9629,-0.17252,0.45974,2.8824,-0.21451,0.21074,2.8589,-0.1496,0.018814,2.8173,-0.12999,-0.047927,2.8051,0.061264,0.47056,3.1236,0.088981,0.21562,3.1593,0.12496,-0.007244,3.1815,0.13396,-0.072538,3.2069,-0.073434,0.087499,2.9519,-0.15757,-0.42324,2.8485,-0.23356,-0.76192,2.8358,-0.19068,-0.82354,2.7599,0.03035,0.086461,3.0499,0.000906,-0.40986,3.153,-0.089864,-0.75699,3.1973,-0.054521,-0.8196,3.1648
-0.025767,0.15866,3.0054,-0.048895,0.2295,3.0161,-0.060707,0.58968,2.985,-0.005409,0.75858,2.9695,-0.17398,0.45973,2.8844,-0.21884,0.2085,2.8655,-0.15009,0.017908,2.8187,-0.12994,-0.048581,2.8061,0.060876,0.47062,3.1236,0.088987,0.22015,3.1757,0.12247,-0.007868,3.1784,0.11578,-0.080505,3.1412,-0.072385,0.086799,2.9584,-0.15999,-0.42022,2.8502,-0.23366,-0.76203,2.8359,-0.19083,-0.82364,2.76,0.032119,0.087109,3.0555,-0.000475,-0.4092,3.1542,-0.090138,-0.75723,3.1969,-0.053704,-0.81973,3.1654
-0.026557,0.15901,3.0065,-0.047748,0.23011,3.0161,-0.061006,0.59263,2.9896,-0.006127,0.76185,2.9738,-0.17571,0.46004,2.8891,-0.22316,0.20883,2.8715,-0.14959,0.017147,2.8197,-0.11505,-0.069211,2.7978,0.060665,0.47053,3.1244,0.089586,0.22144,3.1807,0.11787,-0.016032,3.168,0.11653,-0.083553,3.1391,-0.073714,0.087381,2.9593,-0.16175,-0.41904,2.8556,-0.23435,-0.76282,2.8366,-0.19123,-0.82366,2.7602,0.031706,0.087213,3.0561,-0.001761,-0.40838,3.1561,-0.09046,-0.75755,3.1962,-0.052724,-0.82022,3.1667
-0.026803,0.15896,3.0096,-0.046406,0.23059,3.0174,-0.061273,0.59453,2.9912,-0.01074,0.76633,2.9793,-0.17579,0.46062,2.8921,-0.22643,0.21196,2.8732,-0.15746,0.033303,2.8224,-0.13395,-0.026472,2.7931,0.060359,0.47114,3.1262,0.088851,0.22171,3.1819,0.11702,-0.013798,3.1701,0.11695,-0.094609,3.1392,-0.074073,0.087681,2.9638,-0.16495,-0.42455,2.8627,-0.23434,-0.76328,2.8365,-0.1912,-0.82391,2.76,0.031507,0.087708,3.0583,-0.002943,-0.40811,3.1586,-0.090427,-0.75751,3.1963,-0.049891,-0.82101,3.1729
-0.026794,0.15861,3.0121,-0.045036,0.2306,3.0185,-0.06152,0.59564,2.9933,-0.012738,0.76833,2.9829,-0.17601,0.46113,2.8946,-0.22742,0.21267,2.8735,-0.14276,0.011707,2.8153,-0.10751,-0.062386,2.8004,0.059598,0.47335,3.128,0.08393,0.22011,3.1729,0.11686,-0.013699,3.1706,0.12116,-0.096962,3.1511,-0.074018,0.087515,2.9669,-0.16583,-0.42475,2.8662,-0.23592,-0.76474,2.8389,-0.19196,-0.82324,2.7613,0.031501,0.088047,3.0599,-0.003756,-0.40795,3.1602,-0.090401,-0.75749,3.1963,-0.050036,-0.82139,3.1738
