0.10188,0.17793,2.7905,0.10665,0.24417,2.8181,0.12529,0.58664,2.8086,0.13528,0.77427,2.7553,-0.04605,0.49098,2.8263,-0.12863,0.25956,2.8433,-0.14521,0.063169,2.7432,-0.14708,-0.006316,2.7132,0.28183,0.46251,2.8142,0.31922,0.23028,2.8246,0.32237,0.040865,2.7494,0.31862,-0.046063,2.7179,0.024077,0.10842,2.7802,-0.053681,-0.36398,2.8697,-0.091204,-0.73635,2.9342,-0.10991,-0.80431,2.9094,0.17053,0.099171,2.7898,0.22267,-0.36826,2.8699,0.24889,-0.75679,2.921,0.24659,-0.79179,2.8516
0.10152,0.17738,2.7904,0.10639,0.24311,2.8191,0.12628,0.58404,2.8123,0.13109,0.74328,2.7681,-0.045514,0.49021,2.8264,-0.12797,0.26084,2.8438,-0.1455,0.065103,2.7384,-0.1466,-0.005768,2.7066,0.28181,0.46091,2.814,0.31492,0.22847,2.8242,0.32205,0.040635,2.7492,0.31774,-0.045012,2.7145,0.023808,0.10823,2.7799,-0.054089,-0.36398,2.8693,-0.091318,-0.73635,2.9339,-0.11328,-0.80609,2.9123,0.16977,0.098435,2.7893,0.22234,-0.3684,2.8697,0.24859,-0.75698,2.9217,0.27303,-0.81747,2.9111
0.10112,0.17689,2.7902,0.10617,0.24271,2.8198,0.12674,0.58434,2.8129,0.13695,0.76291,2.7643,-0.044954,0.49007,2.8262,-0.12716,0.26093,2.8434,-0.14502,0.064792,2.7375,-0.14791,-0.002645,2.7029,0.28221,0.4599,2.8144,0.31258,0.22642,2.8229,0.32195,0.040884,2.7493,0.31616,-0.04418,2.7133,0.023477,0.10805,2.7797,-0.054453,-0.36488,2.8691,-0.091632,-0.7366,2.9335,-0.11414,-0.80752,2.9136,0.16893,0.097697,2.7886,0.22227,-0.36852,2.8696,0.24827,-0.75491,2.9196,0.27182,-0.81566,2.9085
0.10091,0.17663,2.7901,0.10605,0.24227,2.8205,0.12699,0.58388,2.8138,0.13638,0.76196,2.7627,-0.044496,0.48973,2.8265,-0.1259,0.26479,2.8455,-0.16552,0.10983,2.7402,-0.17453,0.032881,2.6896,0.28234,0.4591,2.8145,0.31168,0.22656,2.8229,0.32549,0.033569,2.747,0.32083,-0.04899,2.7099,0.023295,0.10794,2.7793,-0.054589,-0.36483,2.8688,-0.091885,-0.73662,2.9333,-0.11019,-0.80243,2.9076,0.16851,0.0974,2.7884,0.22214,-0.36882,2.8694,0.2478,-0.7543,2.9195,0.27172,-0.81441,2.9059
0.10062,0.17632,2.79,0.10592,0.24183,2.8215,0.12869,0.58448,2.8159,0.13912,0.76477,2.7628,-0.043733,0.48971,2.8268,-0.12442,0.2657,2.8441,-0.16703,0.11006,2.7412,-0.18313,0.032823,2.6928,0.28272,0.45833,2.8152,0.31134,0.22604,2.8229,0.33336,0.03172,2.7481,0.3308,-0.05412,2.7135,0.022906,0.1079,2.779,-0.05486,-0.36501,2.8686,-0.091872,-0.73672,2.9333,-0.11116,-0.80359,2.9075,0.16783,0.096915,2.7881,0.22202,-0.36863,2.8691,0.24812,-0.75426,2.9194,0.27027,-0.81515,2.9062
0.10065,0.17625,2.7899,0.10605,0.24159,2.8224,0.1294,0.5848,2.8171,0.14106,0.76735,2.7648,-0.042749,0.48988,2.8277,-0.11934,0.27987,2.8433,-0.1788,0.11673,2.7465,-0.2036,0.040723,2.6997,0.28323,0.45802,2.8156,0.31226,0.22488,2.8226,0.35152,0.028016,2.7455,0.35692,-0.058408,2.7126,0.022896,0.10794,2.7787,-0.055045,-0.36523,2.8685,-0.091699,-0.73676,2.9334,-0.11307,-0.80502,2.9099,0.1679,0.096789,2.7879,0.22191,-0.36865,2.8689,0.24869,-0.7544,2.9198,0.24658,-0.78905,2.8502
0.10058,0.17618,2.7899,0.106,0.24128,2.8235,0.13027,0.58548,2.8192,0.1422,0.76779,2.7664,-0.042044,0.48995,2.8281,-0.12393,0.28001,2.8397,-0.1979,0.12745,2.7533,-0.23599,0.060101,2.7024,0.28364,0.45746,2.8164,0.31719,0.22277,2.8215,0.36775,0.028671,2.7435,0.38688,-0.054977,2.7085,0.022512,0.10804,2.7783,-0.055426,-0.36617,2.8684,-0.091803,-0.73662,2.9336,-0.11177,-0.80488,2.9095,0.16781,0.096708,2.7876,0.22158,-0.36828,2.8685,0.24856,-0.75367,2.9187,0.24659,-0.78825,2.849
0.10054,0.1762,2.7898,0.10595,0.24105,2.8247,0.13056,0.58665,2.8213,0.14374,0.7682,2.7669,-0.041249,0.49005,2.8284,-0.1319,0.28023,2.8341,-0.22576,0.13391,2.7541,-0.26439,0.064323,2.7066,0.28389,0.45716,2.8173,0.32288,0.22435,2.82,0.39428,0.033881,2.7481,0.41931,-0.047313,2.7115,0.022523,0.10826,2.7781,-0.055664,-0.36611,2.8675,-0.091922,-0.73637,2.9336,-0.11253,-0.80536,2.9088,0.16757,0.096913,2.7871,0.22155,-0.36832,2.8685,0.24854,-0.75355,2.9186,0.27072,-0.81593,2.9022
0.10053,0.17557,2.7895,0.10596,0.24046,2.8259,0.13069,0.587,2.8224,0.14494,0.77046,2.7704,-0.040633,0.48987,2.8287,-0.14721,0.28121,2.8312,-0.24291,0.13814,2.751,-0.29614,0.093162,2.7103,0.28401,0.45706,2.8179,0.33967,0.22981,2.8184,0.42548,0.040575,2.7232,0.44662,-0.035538,2.7078,0.022459,0.10802,2.7779,-0.05572,-0.36637,2.8672,-0.091867,-0.7361,2.933,-0.11093,-0.80468,2.9072,0.16774,0.096241,2.7858,0.2214,-0.36824,2.8683,0.24854,-0.75352,2.9186,0.2695,-0.81473,2.9049
0.10047,0.1756,2.7895,0.10585,0.24015,2.8274,0.13153,0.58666,2.8247,0.14485,0.77191,2.7725,-0.03998,0.49015,2.8296,-0.16553,0.29786,2.821,-0.28397,0.16562,2.7566,-0.33779,0.10068,2.718,0.28486,0.4573,2.8197,0.35378,0.23598,2.8108,0.45588,0.043155,2.718,0.49536,-0.017517,2.7107,0.022189,0.10828,2.7776,-0.055838,-0.36668,2.8669,-0.091878,-0.73589,2.933,-0.10888,-0.80448,2.9071,0.16767,0.09626,2.7858,0.22123,-0.36772,2.8683,0.24863,-0.75352,2.9187,0.24715,-0.7879,2.849
0.10051,0.17562,2.7896,0.10587,0.23989,2.8289,0.13196,0.58691,2.8267,0.14441,0.773,2.7766,-0.039723,0.49006,2.8297,-0.18109,0.3073,2.8124,-0.34302,0.1604,2.7204,-0.39247,0.11677,2.7018,0.28493,0.45919,2.8212,0.3854,0.24174,2.7983,0.489,0.061522,2.7271,0.52843,-0.005029,2.7123,0.022232,0.10838,2.7776,-0.055626,-0.36633,2.8663,-0.091543,-0.73429,2.9329,-0.10813,-0.80355,2.9065,0.16772,0.096363,2.7857,0.22121,-0.36783,2.8685,0.24863,-0.75353,2.9187,0.24745,-0.78786,2.8489
0.10064,0.17594,2.7899,0.10618,0.23934,2.8311,0.13265,0.5867,2.836,0.14427,0.7737,2.7784,-0.039225,0.49094,2.8314,-0.20206,0.32542,2.8057,-0.36191,0.19731,2.7204,-0.42383,0.16077,2.699,0.28551,0.46164,2.8226,0.40116,0.25123,2.7931,0.52295,0.10022,2.7185,0.57275,0.033386,2.699,0.022295,0.1088,2.7775,-0.055863,-0.36679,2.866,-0.091422,-0.73332,2.9325,-0.11002,-0.80512,2.908,0.16789,0.096744,2.7857,0.22073,-0.36791,2.8689,0.24863,-0.75354,2.9187,0.24744,-0.78762,2.8488
0.10064,0.17594,2.7902,0.10633,0.23891,2.8329,0.13199,0.58621,2.8383,0.14295,0.77234,2.7822,-0.039115,0.49127,2.8339,-0.2137,0.34403,2.8017,-0.38996,0.23487,2.7223,-0.45239,0.20508,2.6951,0.28599,0.46049,2.8233,0.41703,0.27096,2.7894,0.5596,0.11159,2.7116,0.60914,0.05216,2.6936,0.02223,0.10886,2.7775,-0.055873,-0.3668,2.866,-0.091531,-0.73284,2.9325,-0.1082,-0.80364,2.9058,0.168,0.096701,2.7857,0.22067,-0.36763,2.8688,0.24879,-0.75382,2.9186,0.24731,-0.78785,2.8487
0.10102,0.17689,2.791,0.10665,0.23927,2.8349,0.13141,0.58528,2.8405,0.14259,0.77316,2.783,-0.039102,0.492,2.837,-0.21641,0.37062,2.8002,-0.41968,0.27979,2.7244,-0.48169,0.25049,2.6892,0.28714,0.46271,2.8265,0.42868,0.29434,2.7796,0.58935,0.15295,2.7146,0.64209,0.10284,2.6853,0.022474,0.10959,2.7775,-0.055622,-0.3663,2.8651,-0.091514,-0.73255,2.9325,-0.10782,-0.80295,2.9055,0.16863,0.097523,2.7862,0.22089,-0.36661,2.868,0.24879,-0.75382,2.9183,0.2473,-0.78782,2.8484
0.10151,0.17829,2.7919,0.10698,0.24028,2.837,0.13172,0.58581,2.8425,0.14207,0.77341,2.7861,-0.040884,0.49461,2.8413,-0.21919,0.39678,2.8041,-0.43335,0.3291,2.7068,-0.49902,0.30737,2.6736,0.28902,0.46556,2.8323,0.43736,0.31397,2.7774,0.6333,0.18066,2.6912,0.68747,0.1407,2.6784,0.022493,0.11026,2.7775,-0.055528,-0.36588,2.8648,-0.091457,-0.73232,2.9324,-0.10982,-0.80389,2.9067,0.16949,0.0985,2.7866,0.2212,-0.36682,2.8678,0.24883,-0.75376,2.918,0.2477,-0.78773,2.8481
0.10248,0.18103,2.7939,0.10763,0.24241,2.84,0.13095,0.58659,2.8446,0.14077,0.77262,2.7904,-0.042025,0.49634,2.8461,-0.22434,0.41629,2.8038,-0.43555,0.38208,2.7165,-0.49477,0.37346,2.6832,0.29167,0.46653,2.8369,0.45374,0.33584,2.7751,0.60596,0.2478,2.6951,0.6887,0.20787,2.6827,0.022864,0.11165,2.7782,-0.055398,-0.3656,2.8645,-0.091637,-0.73237,2.9327,-0.10925,-0.80312,2.9068,0.17136,0.10052,2.7882,0.22146,-0.36676,2.8674,0.24881,-0.75382,2.9181,0.24769,-0.78778,2.8482
0.10289,0.18237,2.7951,0.10787,0.24322,2.8419,0.12935,0.58634,2.8462,0.13403,0.76697,2.7934,-0.043237,0.49746,2.8493,-0.22332,0.44054,2.8091,-0.43533,0.42259,2.713,-0.51349,0.43088,2.6639,0.29301,0.46751,2.8391,0.46584,0.36178,2.7759,0.67773,0.27441,2.6794,0.74272,0.25382,2.6725,0.023131,0.11247,2.7787,-0.055005,-0.36487,2.8639,-0.091755,-0.73215,2.9326,-0.10916,-0.80325,2.9067,0.17241,0.10133,2.7891,0.22147,-0.36681,2.8672,0.24855,-0.75414,2.9181,0.24724,-0.7881,2.8482
0.10289,0.1833,2.7957,0.10791,0.24369,2.8433,0.12711,0.58624,2.8488,0.13091,0.76253,2.7969,-0.04621,0.49885,2.8543,-0.23357,0.4612,2.808,-0.42501,0.46951,2.7126,-0.50576,0.48371,2.6693,0.29431,0.46909,2.8421,0.46615,0.38354,2.7722,0.67725,0.33618,2.6775,0.74348,0.319,2.6735,0.022988,0.11293,2.7791,-0.05469,-0.36459,2.8639,-0.091747,-0.73189,2.9322,-0.10988,-0.80371,2.907,0.17294,0.10175,2.7892,0.22164,-0.3669,2.8671,0.24821,-0.75526,2.9193,0.2465,-0.78918,2.8494
0.10328,0.1866,2.7975,0.10802,0.24615,2.8456,0.12552,0.58669,2.8503,0.13181,0.76413,2.7974,-0.047989,0.49969,2.8575,-0.2409,0.48723,2.8091,-0.4281,0.52173,2.7078,-0.50909,0.54692,2.6702,0.29566,0.47255,2.8445,0.46734,0.40312,2.7773,0.69434,0.38501,2.6736,0.76083,0.37601,2.6596,0.023124,0.11506,2.7804,-0.054662,-0.3646,2.8639,-0.091706,-0.73189,2.9322,-0.11162,-0.80557,2.9097,0.17443,0.10426,2.79,0.22185,-0.36701,2.867,0.24837,-0.75531,2.9189,0.24644,-0.78924,2.8489
0.10349,0.19243,2.8001,0.10776,0.2508,2.8485,0.12421,0.58739,2.8514,0.13197,0.76556,2.799,-0.052356,0.50193,2.8603,-0.24627,0.4977,2.8083,-0.44629,0.5791,2.7009,-0.5197,0.61134,2.6543,0.29944,0.47569,2.8478,0.47072,0.42426,2.776,0.70147,0.43605,2.6677,0.76918,0.44008,2.6577,0.022557,0.11796,2.7821,-0.054645,-0.36453,2.8638,-0.091693,-0.73178,2.9322,-0.11027,-0.80484,2.9078,0.17617,0.10758,2.7917,0.2224,-0.36719,2.8663,0.24852,-0.75508,2.9185,0.24669,-0.78903,2.8485
0.10353,0.19625,2.803,0.10786,0.25433,2.8519,0.12413,0.58848,2.8532,0.1319,0.76572,2.7994,-0.053834,0.50477,2.8623,-0.2493,0.53047,2.8076,-0.45105,0.63397,2.6895,-0.51561,0.68207,2.6435,0.30233,0.48035,2.85,0.48209,0.45369,2.7667,0.7041,0.49145,2.6677,0.77035,0.50819,2.6623,0.021709,0.12135,2.7861,-0.054633,-0.36457,2.8639,-0.091743,-0.73176,2.9321,-0.11165,-0.8057,2.9099,0.17687,0.11047,2.7934,0.22251,-0.36746,2.8664,0.24848,-0.755,2.9184,0.24662,-0.78897,2.8484
0.10303,0.19831,2.8046,0.10755,0.25624,2.8538,0.12377,0.58917,2.8539,0.13185,0.76581,2.7994,-0.055358,0.50867,2.8634,-0.25317,0.55402,2.8102,-0.43703,0.68545,2.6906,-0.48109,0.71908,2.6502,0.30327,0.48321,2.8495,0.49752,0.48936,2.756,0.71289,0.56055,2.6619,0.77437,0.57794,2.637,0.020705,0.12343,2.7885,-0.054593,-0.36463,2.864,-0.091781,-0.73195,2.9323,-0.11216,-0.80612,2.9103,0.17677,0.11202,2.7945,0.22283,-0.3674,2.8664,0.24835,-0.75502,2.9183,0.24623,-0.789,2.8484
0.10298,0.20148,2.8061,0.10759,0.25871,2.8555,0.12306,0.58943,2.8548,0.13169,0.7668,2.8011,-0.056381,0.51867,2.8654,-0.28149,0.60693,2.7899,-0.44189,0.75537,2.6775,-0.4859,0.80101,2.6514,0.30504,0.48663,2.8486,0.51138,0.5185,2.7558,0.69255,0.6003,2.6582,0.75239,0.63235,2.6486,0.020549,0.12631,2.7907,-0.054567,-0.36459,2.864,-0.092021,-0.7326,2.9326,-0.11155,-0.80588,2.9099,0.17716,0.11443,2.7951,0.22308,-0.36737,2.8665,0.24805,-0.75557,2.9165,0.24558,-0.78956,2.8465
0.10314,0.20287,2.8069,0.10789,0.25992,2.8565,0.12249,0.58984,2.8555,0.13136,0.76702,2.8012,-0.056801,0.52217,2.866,-0.24883,0.60106,2.817,-0.3977,0.77148,2.7009,-0.43408,0.82861,2.6775,0.30523,0.49093,2.8473,0.50882,0.53395,2.7585,0.64644,0.63877,2.6807,0.71289,0.68066,2.6423,0.020843,0.12759,2.7917,-0.054581,-0.36455,2.8643,-0.092119,-0.73286,2.9327,-0.1138,-0.80755,2.9123,0.17755,0.11611,2.7956,0.22332,-0.36736,2.8666,0.24799,-0.75591,2.9158,0.24512,-0.78989,2.8459
0.10355,0.2043,2.8076,0.10869,0.26134,2.8576,0.12265,0.59127,2.8568,0.13077,0.76761,2.8022,-0.056738,0.52464,2.8664,-0.24724,0.61584,2.8251,-0.36508,0.80637,2.7013,-0.40723,0.89014,2.6833,0.30423,0.49592,2.845,0.51347,0.57159,2.7569,0.66797,0.72705,2.6521,0.71901,0.7693,2.6345,0.021486,0.12933,2.7934,-0.054519,-0.36427,2.8643,-0.092113,-0.73317,2.9327,-0.11225,-0.80667,2.9112,0.17801,0.11833,2.7957,0.22347,-0.36732,2.8666,0.24798,-0.75608,2.9158,0.24449,-0.79005,2.8458
0.10429,0.20688,2.8085,0.10971,0.26363,2.8585,0.12263,0.59197,2.8567,0.13046,0.76842,2.8039,-0.05588,0.52835,2.8679,-0.25242,0.64498,2.819,-0.34973,0.8499,2.701,-0.36084,0.93115,2.6853,0.30563,0.50426,2.8439,0.51424,0.59265,2.758,0.62451,0.7583,2.6677,0.66406,0.81982,2.6521,0.022516,0.13217,2.7957,-0.054437,-0.36373,2.864,-0.092841,-0.73302,2.9327,-0.11104,-0.80327,2.9064,0.17882,0.121,2.7959,0.22378,-0.36711,2.8667,0.24797,-0.7562,2.916,0.24382,-0.79019,2.846
0.10477,0.20858,2.8097,0.11008,0.26495,2.86,0.12206,0.59222,2.8585,0.13078,0.7679,2.8064,-0.054588,0.53038,2.8679,-0.25256,0.65893,2.8191,-0.30777,0.88436,2.7132,-0.31763,0.95947,2.6951,0.30564,0.50709,2.8436,0.50778,0.61834,2.7571,0.5972,0.7888,2.6823,0.62399,0.85061,2.6697,0.023609,0.13404,2.7976,-0.054272,-0.36295,2.8643,-0.092934,-0.73301,2.9328,-0.11257,-0.80512,2.9086,0.17924,0.12357,2.7964,0.22403,-0.36706,2.8668,0.2478,-0.75612,2.916,0.24354,-0.7901,2.8461
0.1053,0.21145,2.8107,0.11029,0.26699,2.8613,0.12147,0.59223,2.8603,0.1295,0.76734,2.8069,-0.053552,0.53432,2.869,-0.25013,0.68412,2.8192,-0.27373,0.91719,2.7188,-0.27339,0.98573,2.7188,0.30444,0.51503,2.8463,0.49621,0.63399,2.7618,0.55859,0.82715,2.697,0.57435,0.8916,2.6798,0.024815,0.13711,2.7986,-0.054061,-0.36203,2.8648,-0.093002,-0.73323,2.9334,-0.11061,-0.80346,2.9082,0.17959,0.1276,2.7968,0.22463,-0.36696,2.8672,0.24774,-0.75604,2.916,0.24366,-0.79,2.846
0.1061,0.21404,2.8114,0.11123,0.26927,2.8621,0.12124,0.59286,2.8607,0.12955,0.7675,2.8068,-0.052398,0.53638,2.8706,-0.24461,0.69475,2.8222,-0.23857,0.93625,2.7446,-0.23015,1.0036,2.7352,0.30434,0.52313,2.8463,0.49354,0.64209,2.7685,0.52819,0.84784,2.7038,0.52783,0.93457,2.6892,0.026241,0.13988,2.7998,-0.054045,-0.36199,2.8648,-0.092952,-0.73301,2.9335,-0.10911,-0.80285,2.9072,0.18033,0.13091,2.797,0.22505,-0.36685,2.867,0.24746,-0.75598,2.9162,0.24285,-0.78995,2.8463
0.10703,0.2172,2.812,0.11239,0.27233,2.8628,0.12216,0.59459,2.861,0.12958,0.76815,2.808,-0.051842,0.54001,2.872,-0.22686,0.71157,2.827,-0.19466,0.95223,2.754,-0.17642,1.018,2.7481,0.30422,0.52794,2.8469,0.47854,0.66499,2.7728,0.47607,0.87109,2.7068,0.46999,0.96257,2.6932,0.027173,0.14261,2.8007,-0.053872,-0.36165,2.8649,-0.092662,-0.73379,2.9339,-0.11299,-0.8087,2.9166,0.18093,0.13446,2.7973,0.22521,-0.36689,2.8668,0.24735,-0.75562,2.9171,0.24254,-0.78958,2.8472
0.10736,0.21892,2.8125,0.11272,0.27354,2.8633,0.12263,0.5944,2.8609,0.12838,0.76624,2.8118,-0.050387,0.54268,2.8734,-0.21729,0.71276,2.836,-0.15865,0.94542,2.7524,-0.13316,1.0081,2.7632,0.30372,0.53162,2.849,0.46701,0.67801,2.7784,0.42223,0.91943,2.7177,0.40639,0.98581,2.7237,0.027753,0.14508,2.8023,-0.053385,-0.35789,2.8641,-0.092754,-0.73348,2.9339,-0.11077,-0.80659,2.9122,0.1808,0.13646,2.7974,0.22542,-0.36681,2.8669,0.24686,-0.75915,2.9239,0.27186,-0.81977,2.9145
0.10747,0.22103,2.8128,0.11283,0.27528,2.8635,0.12273,0.59451,2.8599,0.12845,0.7664,2.8121,-0.049028,0.54658,2.8752,-0.21168,0.71543,2.8377,-0.12299,0.94305,2.7709,-0.093401,1.0041,2.7803,0.30202,0.53756,2.8516,0.45984,0.68485,2.7792,0.41033,0.86128,2.7415,0.38301,0.94964,2.7352,0.028216,0.14747,2.8033,-0.053514,-0.35646,2.8637,-0.092835,-0.73357,2.9343,-0.11184,-0.80764,2.9127,0.18049,0.13966,2.7978,0.22604,-0.36648,2.8667,0.24705,-0.76006,2.9263,0.27292,-0.82009,2.9156
0.10767,0.22473,2.8132,0.11333,0.27909,2.8639,0.12282,0.59685,2.8591,0.12936,0.76689,2.8121,-0.047372,0.55054,2.8778,-0.20512,0.71723,2.8396,-0.10028,0.93957,2.7802,-0.071351,1.0008,2.7904,0.30072,0.54362,2.8525,0.44613,0.7057,2.7799,0.36011,0.92627,2.7673,0.32569,0.98546,2.7648,0.028807,0.15174,2.8042,-0.053388,-0.35611,2.8633,-0.092668,-0.73331,2.9342,-0.11294,-0.80833,2.9143,0.18035,0.1444,2.7986,0.22716,-0.36515,2.8666,0.24709,-0.75918,2.9226,0.27277,-0.81987,2.9161
0.10831,0.22738,2.8133,0.11332,0.28111,2.8639,0.1214,0.59691,2.8582,0.12933,0.76679,2.8126,-0.046919,0.55101,2.8778,-0.19838,0.72279,2.8408,-0.080639,0.93332,2.7855,-0.04202,0.98068,2.8164,0.30089,0.5478,2.8548,0.43835,0.70688,2.7841,0.36613,0.87705,2.7764,0.31365,0.95346,2.7764,0.029997,0.15365,2.8042,-0.052882,-0.35458,2.8627,-0.092865,-0.73226,2.9336,-0.11085,-0.80672,2.9111,0.18152,0.14824,2.799,0.22883,-0.36452,2.8668,0.24697,-0.7591,2.923,0.27295,-0.81968,2.9167
0.10832,0.22743,2.8133,0.11353,0.28079,2.864,0.12305,0.59432,2.8602,0.12785,0.7508,2.8224,-0.04471,0.55381,2.8793,-0.18762,0.72549,2.8408,-0.040266,0.92723,2.8143,0.016602,1.002,2.8142,0.29576,0.54813,2.8552,0.43261,0.71294,2.7874,0.36096,0.88341,2.7768,0.29904,0.95235,2.7792,0.030448,0.15456,2.8043,-0.052855,-0.35458,2.8627,-0.092484,-0.73243,2.9326,-0.11161,-0.80726,2.9121,0.18057,0.14932,2.7984,0.2302,-0.36439,2.8663,0.24718,-0.75915,2.9228,0.27289,-0.81985,2.9165
0.10928,0.2341,2.8132,0.11505,0.28655,2.8638,0.12358,0.59622,2.8589,0.12604,0.7666,2.8181,-0.045646,0.56056,2.8842,-0.17436,0.7322,2.8418,-0.053187,0.89603,2.8297,0.002599,0.96927,2.8297,0.29246,0.56283,2.8578,0.41849,0.72703,2.7928,0.26489,0.91211,2.7869,0.20278,0.9809,2.7887,0.031978,0.16235,2.8042,-0.051882,-0.35248,2.8611,-0.092562,-0.73241,2.9325,-0.11031,-0.80628,2.9111,0.18091,0.15579,2.7988,0.23222,-0.36156,2.8645,0.24773,-0.75889,2.9226,0.2726,-0.81968,2.9143
0.10853,0.23867,2.8136,0.11469,0.28977,2.8642,0.12339,0.59616,2.8588,0.12458,0.76777,2.8188,-0.046891,0.56352,2.8875,-0.16736,0.73658,2.8446,-0.047911,0.87774,2.8331,-0.003446,0.9376,2.8329,0.29148,0.56588,2.8594,0.40563,0.72808,2.7985,0.25447,0.90277,2.8055,0.19236,0.97155,2.8074,0.030932,0.16761,2.8052,-0.051635,-0.35226,2.8608,-0.092589,-0.73236,2.9325,-0.10931,-0.80435,2.9085,0.18032,0.15951,2.7985,0.23347,-0.35949,2.8635,0.24762,-0.75913,2.9226,0.27229,-0.81998,2.9142
0.10908,0.24442,2.8137,0.11561,0.29605,2.8645,0.12465,0.60184,2.8592,0.12373,0.76998,2.8179,-0.048873,0.56861,2.8902,-0.16567,0.73922,2.8441,-0.043755,0.87825,2.8323,-0.000835,0.93682,2.8322,0.29054,0.56644,2.8601,0.40031,0.73386,2.8042,0.26753,0.87295,2.8159,0.20542,0.94173,2.8178,0.03167,0.17264,2.8043,-0.050658,-0.35274,2.861,-0.092611,-0.73238,2.9326,-0.11042,-0.8045,2.9097,0.18019,0.16627,2.7993,0.23419,-0.35881,2.8632,0.2479,-0.75921,2.9219,0.27182,-0.8202,2.9125
0.10868,0.24744,2.8129,0.11573,0.30344,2.8632,0.12831,0.63299,2.8487,0.12839,0.83032,2.8686,-0.05014,0.57361,2.894,-0.16244,0.74296,2.843,-0.037882,0.8796,2.8323,0.003547,0.9371,2.8321,0.28919,0.56508,2.8614,0.39744,0.73859,2.8083,0.23878,0.87636,2.8377,0.17668,0.94514,2.8396,0.031026,0.17544,2.8045,-0.049998,-0.35299,2.8606,-0.09248,-0.73251,2.9319,-0.10952,-0.8041,2.9093,0.17954,0.16911,2.7987,0.23537,-0.35619,2.8619,0.24817,-0.75893,2.9208,0.27047,-0.82005,2.9086
0.10874,0.24754,2.8129,0.11572,0.30341,2.8632,0.12814,0.63049,2.8495,0.12688,0.8411,2.8809,-0.049687,0.57179,2.8946,-0.16197,0.74267,2.8442,-0.028186,0.86867,2.8518,-0.026855,0.89063,2.8435,0.28832,0.56524,2.8629,0.39668,0.73934,2.8091,0.25265,0.84933,2.833,0.19054,0.91811,2.8349,0.031271,0.17566,2.8044,-0.049394,-0.3536,2.8605,-0.092432,-0.73236,2.9318,-0.11051,-0.80463,2.9092,0.17947,0.16936,2.7987,0.23613,-0.35538,2.8616,0.24798,-0.75892,2.9207,0.27059,-0.82028,2.9103
0.10866,0.24778,2.8128,0.11515,0.30346,2.8632,0.12097,0.62789,2.8521,0.1263,0.82907,2.8782,-0.049802,0.57204,2.8951,-0.16084,0.74233,2.8433,-0.021207,0.86218,2.8484,-0.020807,0.88789,2.8413,0.28698,0.56416,2.865,0.39521,0.73985,2.8109,0.25069,0.84586,2.8435,0.18858,0.91465,2.8454,0.031567,0.17611,2.8041,-0.048758,-0.35409,2.8604,-0.092524,-0.73255,2.932,-0.11258,-0.80653,2.9136,0.17952,0.16976,2.7989,0.23624,-0.35531,2.8615,0.24789,-0.75894,2.9206,0.27068,-0.8203,2.9106
0.109,0.24838,2.8131,0.11511,0.30301,2.8636,0.12054,0.62082,2.857,0.12565,0.8273,2.8795,-0.049633,0.57021,2.8951,-0.15943,0.7382,2.8442,-0.0238,0.86262,2.8488,-0.022679,0.88572,2.8418,0.28716,0.56547,2.8668,0.39493,0.73838,2.8121,0.24297,0.83742,2.8351,0.18086,0.9062,2.837,0.031971,0.1765,2.8041,-0.04828,-0.35408,2.8604,-0.092452,-0.73227,2.9319,-0.11001,-0.80494,2.9112,0.18028,0.17083,2.7993,0.23632,-0.35537,2.8614,0.24788,-0.75897,2.9206,0.2703,-0.82048,2.9107
0.10894,0.24866,2.8135,0.11486,0.30261,2.8642,0.11971,0.61669,2.8606,0.11737,0.79505,2.8634,-0.051027,0.56944,2.8954,-0.15924,0.73631,2.8443,-0.018793,0.8552,2.8493,-0.022934,0.87772,2.8417,0.2864,0.56431,2.8677,0.39481,0.7367,2.8127,0.2405,0.83159,2.8369,0.17839,0.90037,2.8387,0.031923,0.17657,2.8041,-0.047627,-0.35433,2.8594,-0.092417,-0.7322,2.9319,-0.10883,-0.8043,2.9105,0.18046,0.1711,2.7997,0.23669,-0.35531,2.8615,0.24787,-0.75889,2.9205,0.26989,-0.82022,2.9088
0.1096,0.24898,2.8142,0.11557,0.30189,2.8653,0.1195,0.61273,2.8661,0.12092,0.78973,2.8613,-0.051331,0.56864,2.8968,-0.15841,0.72689,2.8461,-0.023871,0.85198,2.8539,-0.023218,0.87396,2.8455,0.28645,0.56403,2.8677,0.39712,0.72845,2.8122,0.24028,0.81708,2.8408,0.17817,0.88586,2.8427,0.032453,0.17669,2.8042,-0.047082,-0.35363,2.8586,-0.092271,-0.73197,2.9321,-0.10755,-0.80236,2.9074,0.18166,0.17157,2.8001,0.23701,-0.35541,2.8613,0.24821,-0.75945,2.921,0.27006,-0.82068,2.9086
0.11132,0.24524,2.8155,0.11732,0.29677,2.8675,0.12325,0.60643,2.8719,0.1188,0.78333,2.8558,-0.049338,0.56055,2.8969,-0.15984,0.71957,2.847,-0.025146,0.84472,2.8533,-0.020471,0.87047,2.8461,0.28591,0.56017,2.8701,0.39959,0.72548,2.8119,0.23857,0.80171,2.8484,0.17646,0.87049,2.8503,0.034387,0.17349,2.8045,-0.046681,-0.35397,2.8585,-0.092197,-0.73186,2.9315,-0.10735,-0.80241,2.9073,0.18271,0.16932,2.8005,0.23735,-0.35503,2.861,0.24815,-0.75946,2.921,0.27,-0.82069,2.9085
0.11235,0.24166,2.8163,0.11852,0.29272,2.8691,0.12585,0.60393,2.8775,0.12017,0.77512,2.8525,-0.049799,0.55689,2.898,-0.16271,0.70899,2.8496,-0.028859,0.83466,2.8581,-0.020263,0.8636,2.8506,0.28478,0.5562,2.8705,0.40348,0.71123,2.8061,0.24374,0.79312,2.8373,0.18163,0.86191,2.8392,0.035405,0.17036,2.8043,-0.046433,-0.35373,2.8583,-0.092133,-0.73167,2.9305,-0.10933,-0.80368,2.9082,0.18345,0.16619,2.8004,0.23746,-0.35501,2.8608,0.24809,-0.75951,2.921,0.27015,-0.82068,2.9085
0.11221,0.23749,2.8167,0.11842,0.2883,2.87,0.12435,0.60023,2.8799,0.11723,0.76631,2.8497,-0.048428,0.5516,2.899,-0.16354,0.70395,2.8486,-0.049794,0.84921,2.8466,-0.011877,0.89763,2.8502,0.28462,0.55287,2.8698,0.40483,0.70417,2.8044,0.24901,0.79686,2.8274,0.1869,0.86565,2.8293,0.035851,0.16686,2.8044,-0.045941,-0.35329,2.8577,-0.09208,-0.73177,2.9305,-0.10811,-0.80311,2.9076,0.18335,0.16231,2.8,0.23766,-0.35507,2.8605,0.24844,-0.761,2.9226,0.2706,-0.82171,2.9081
0.11212,0.23604,2.817,0.1182,0.28609,2.8707,0.12295,0.59626,2.8829,0.11609,0.76476,2.8492,-0.050893,0.54939,2.9006,-0.16313,0.69856,2.8458,-0.026297,0.82026,2.8579,-0.036461,0.83484,2.8459,0.28364,0.54807,2.8704,0.40308,0.70069,2.8024,0.24988,0.79681,2.8275,0.18777,0.8656,2.8294,0.035758,0.16491,2.804,-0.045663,-0.35285,2.857,-0.091893,-0.73138,2.9305,-0.10757,-0.80285,2.9076,0.18359,0.16035,2.8001,0.23786,-0.35508,2.8604,0.2481,-0.76063,2.9218,0.27046,-0.82135,2.9077
0.1125,0.23285,2.8175,0.11867,0.28271,2.8716,0.1244,0.59353,2.8852,0.11433,0.76397,2.8502,-0.048522,0.54427,2.9,-0.16193,0.69623,2.8427,-0.025741,0.81649,2.8636,-0.031515,0.83537,2.8483,0.2835,0.54616,2.871,0.39875,0.69809,2.7987,0.24631,0.7947,2.8255,0.1842,0.86348,2.8274,0.036378,0.16279,2.8036,-0.045489,-0.35245,2.856,-0.091818,-0.73148,2.9305,-0.10933,-0.80447,2.9107,0.1834,0.15777,2.8005,0.23782,-0.35523,2.86,0.24821,-0.76049,2.9213,0.27061,-0.8213,2.9075
0.1126,0.23168,2.8176,0.11872,0.28141,2.8719,0.1243,0.59255,2.8867,0.11419,0.76277,2.8504,-0.048828,0.54313,2.9005,-0.15998,0.69186,2.8375,-0.028451,0.81539,2.8645,-0.029469,0.83528,2.8473,0.28299,0.54487,2.8715,0.39422,0.69503,2.7955,0.24334,0.79287,2.8252,0.18123,0.86166,2.827,0.036731,0.16131,2.8036,-0.04548,-0.35255,2.8556,-0.09169,-0.73142,2.9304,-0.10832,-0.80391,2.9098,0.18342,0.15687,2.8001,0.23794,-0.35531,2.8596,0.24823,-0.76045,2.9212,0.27082,-0.82124,2.9076
0.11278,0.23118,2.818,0.11899,0.28047,2.8727,0.12479,0.59121,2.8892,0.11417,0.76235,2.8506,-0.048877,0.54275,2.9007,-0.15943,0.69072,2.832,-0.029141,0.81224,2.8681,-0.025777,0.83658,2.8484,0.28282,0.54443,2.8713,0.39214,0.69325,2.7912,0.24102,0.7901,2.8222,0.17891,0.85889,2.8241,0.036976,0.16083,2.8038,-0.045272,-0.35141,2.8547,-0.091043,-0.73067,2.9304,-0.10743,-0.80316,2.9085,0.18349,0.15663,2.8002,0.2381,-0.3551,2.8593,0.24751,-0.75915,2.9194,0.27045,-0.82023,2.9079
0.11299,0.22939,2.8184,0.11941,0.27872,2.8733,0.12584,0.59032,2.8908,0.11408,0.76134,2.8528,-0.047793,0.5397,2.9008,-0.15802,0.68995,2.8284,-0.029937,0.81235,2.868,-0.02584,0.8362,2.8468,0.28284,0.54303,2.871,0.39095,0.69248,2.7898,0.23893,0.78775,2.821,0.17682,0.85653,2.8229,0.037212,0.15921,2.8038,-0.045583,-0.35238,2.8549,-0.091176,-0.73093,2.9306,-0.10717,-0.80296,2.9084,0.18344,0.1554,2.8004,0.23799,-0.35485,2.859,0.24776,-0.75931,2.9193,0.27112,-0.82041,2.9088
0.11293,0.22896,2.8185,0.11936,0.27841,2.8734,0.12533,0.59037,2.8908,0.11316,0.76041,2.853,-0.047218,0.53929,2.9013,-0.15732,0.68926,2.8282,-0.028597,0.81131,2.8669,-0.02268,0.83727,2.847,0.28252,0.54215,2.8711,0.38963,0.69178,2.7875,0.2383,0.78728,2.8206,0.17619,0.85606,2.8225,0.037383,0.15896,2.8039,-0.045706,-0.35217,2.8544,-0.091233,-0.73092,2.9306,-0.10682,-0.80288,2.9078,0.18332,0.15505,2.8003,0.23801,-0.35503,2.8588,0.24777,-0.75902,2.9191,0.27129,-0.81976,2.907
0.11289,0.22837,2.8186,0.11925,0.27783,2.8736,0.12504,0.59002,2.8911,0.11311,0.76074,2.8553,-0.04727,0.53921,2.9013,-0.15645,0.68864,2.8283,-0.028806,0.81188,2.8669,-0.022622,0.83723,2.8469,0.28193,0.54027,2.8708,0.38928,0.69192,2.7874,0.23711,0.78663,2.8192,0.17501,0.85541,2.8211,0.037462,0.15854,2.8039,-0.04576,-0.35235,2.8542,-0.091243,-0.73084,2.9305,-0.10663,-0.80265,2.9076,0.18328,0.15434,2.8005,0.23805,-0.35505,2.8586,0.24773,-0.75928,2.9198,0.27143,-0.81951,2.9056
0.11287,0.22757,2.8188,0.11924,0.2772,2.8739,0.12521,0.59001,2.8914,0.11301,0.76058,2.8559,-0.046298,0.53752,2.9008,-0.15617,0.68868,2.8288,-0.028512,0.81189,2.8673,-0.022279,0.8373,2.8474,0.282,0.53983,2.8709,0.38928,0.69191,2.7874,0.23716,0.78666,2.8193,0.17506,0.85544,2.8212,0.037513,0.15803,2.8039,-0.045772,-0.35222,2.8542,-0.091119,-0.73054,2.9305,-0.10642,-0.80256,2.9075,0.18313,0.15362,2.8007,0.23806,-0.35503,2.8586,0.24808,-0.75864,2.9187,0.27687,-0.81825,2.9215
0.11294,0.2267,2.8191,0.11934,0.27594,2.8744,0.12568,0.58887,2.8943,0.11266,0.76046,2.8558,-0.046294,0.53693,2.9006,-0.15611,0.68867,2.8289,-0.028568,0.81193,2.8675,-0.022399,0.83722,2.8475,0.28196,0.53974,2.8708,0.38925,0.69189,2.7873,0.23694,0.78641,2.819,0.17483,0.85519,2.8209,0.037607,0.15726,2.8039,-0.045948,-0.35168,2.8542,-0.091153,-0.73057,2.9302,-0.10646,-0.80218,2.9066,0.18313,0.15298,2.8008,0.23796,-0.35467,2.8585,0.24805,-0.7585,2.9188,0.24118,-0.79237,2.8489
0.11285,0.22666,2.8192,0.11923,0.2759,2.8745,0.1255,0.58877,2.8942,0.11326,0.76318,2.8582,-0.046451,0.53697,2.9006,-0.15595,0.68888,2.829,-0.028336,0.81216,2.8674,-0.022402,0.83725,2.8474,0.28181,0.5395,2.8707,0.38927,0.69187,2.7875,0.23693,0.78623,2.8193,0.17483,0.85501,2.8212,0.03744,0.15719,2.8041,-0.04603,-0.35173,2.8543,-0.090891,-0.7301,2.9302,-0.10617,-0.80173,2.9059,0.1831,0.15292,2.8008,0.23786,-0.35437,2.8583,0.24785,-0.75852,2.9191,0.2754,-0.81869,2.9163
0.11281,0.2265,2.8192,0.11905,0.27574,2.8746,0.12546,0.5886,2.8941,0.11229,0.76259,2.8581,-0.04647,0.53643,2.8994,-0.15564,0.68945,2.829,-0.028003,0.81237,2.8681,-0.021856,0.83781,2.8479,0.28169,0.53939,2.8707,0.38931,0.69188,2.7875,0.23696,0.78622,2.8192,0.17485,0.855,2.8211,0.037421,0.15703,2.804,-0.046104,-0.35174,2.8543,-0.090804,-0.72972,2.9304,-0.10621,-0.80173,2.9055,0.18303,0.15278,2.8009,0.23788,-0.35439,2.8583,0.24754,-0.75862,2.9183,0.27551,-0.81865,2.9179
0.11267,0.22633,2.8193,0.11884,0.27562,2.8746,0.12547,0.58859,2.8941,0.11215,0.76318,2.8583,-0.045888,0.53818,2.8989,-0.15556,0.68953,2.8291,-0.027931,0.81245,2.8682,-0.022112,0.83757,2.8479,0.28115,0.53887,2.8706,0.3895,0.69214,2.7879,0.2371,0.78631,2.8198,0.17499,0.85509,2.8217,0.037388,0.15701,2.8041,-0.046198,-0.35191,2.8546,-0.090932,-0.72974,2.9304,-0.10621,-0.80171,2.9055,0.18274,0.15263,2.801,0.23782,-0.35378,2.8583,0.24746,-0.75801,2.9171,0.27423,-0.81855,2.9156
0.11238,0.22676,2.8195,0.11847,0.27592,2.8748,0.12549,0.5886,2.8941,0.11169,0.76524,2.8584,-0.049456,0.54416,2.899,-0.15515,0.68969,2.8287,-0.062518,0.84841,2.8334,-0.031639,0.90132,2.8392,0.28095,0.53868,2.87,0.38986,0.69229,2.7879,0.24167,0.79094,2.824,0.17956,0.85972,2.8259,0.036901,0.15736,2.8041,-0.046321,-0.35275,2.8559,-0.090786,-0.72953,2.9308,-0.10619,-0.80169,2.9053,0.18254,0.15272,2.8012,0.23776,-0.35372,2.8583,0.24754,-0.75795,2.9172,0.24134,-0.7918,2.8473
0.11227,0.22679,2.8195,0.11839,0.27611,2.8749,0.12543,0.58908,2.893,0.11007,0.76499,2.8579,-0.049519,0.54421,2.899,-0.15446,0.69057,2.8277,-0.042809,0.83439,2.8453,-0.005591,0.88233,2.8555,0.28094,0.5389,2.87,0.39003,0.69354,2.7886,0.24363,0.79417,2.826,0.18153,0.86295,2.8279,0.036724,0.15738,2.8041,-0.046485,-0.35306,2.8563,-0.090781,-0.7295,2.9308,-0.10593,-0.80162,2.9065,0.18239,0.15264,2.8014,0.23777,-0.35366,2.8584,0.24717,-0.75673,2.9168,0.27331,-0.8175,2.9141
0.11218,0.2267,2.8195,0.11825,0.27621,2.8748,0.12502,0.58937,2.8918,0.10936,0.76518,2.859,-0.049816,0.54444,2.8985,-0.1541,0.69204,2.8258,-0.038982,0.83104,2.8517,-0.000609,0.87737,2.8646,0.28094,0.53896,2.8699,0.39016,0.69379,2.7885,0.24431,0.79468,2.8269,0.18221,0.86346,2.8288,0.036295,0.15703,2.8036,-0.046516,-0.35302,2.8564,-0.091027,-0.7295,2.9311,-0.10574,-0.80152,2.9067,0.18245,0.15201,2.8023,0.23779,-0.35366,2.8584,0.24723,-0.75658,2.9167,0.24109,-0.7904,2.8468
0.11187,0.22715,2.8197,0.11785,0.27659,2.8749,0.12371,0.58895,2.8913,0.10942,0.76562,2.8579,-0.050144,0.54507,2.8981,-0.15352,0.69249,2.8248,-0.037223,0.83027,2.8514,0.001544,0.8762,2.8645,0.28116,0.53944,2.8694,0.39052,0.69379,2.7887,0.25195,0.80488,2.8261,0.18985,0.87366,2.8279,0.035986,0.15737,2.8037,-0.046492,-0.35267,2.8563,-0.090986,-0.7296,2.9312,-0.10569,-0.80181,2.9075,0.18243,0.15216,2.8025,0.23778,-0.35382,2.8587,0.24762,-0.75687,2.918,0.27162,-0.81732,2.9057
0.11187,0.22717,2.8198,0.11758,0.27673,2.875,0.12365,0.58933,2.8905,0.11048,0.76851,2.8563,-0.047811,0.54579,2.8958,-0.15312,0.69264,2.8244,-0.019275,0.8125,2.8537,-0.002197,0.85107,2.8415,0.28142,0.54001,2.8692,0.39132,0.69361,2.7886,0.25229,0.80387,2.8265,0.19019,0.87264,2.8284,0.036074,0.15758,2.804,-0.04648,-0.35238,2.8563,-0.090983,-0.72982,2.931,-0.1097,-0.80539,2.9117,0.18243,0.15221,2.8027,0.23779,-0.35383,2.8587,0.24783,-0.75796,2.9198,0.27245,-0.81819,2.9077
0.11187,0.22683,2.8199,0.11724,0.27665,2.8751,0.12381,0.59005,2.8906,0.11058,0.76888,2.8564,-0.04594,0.54887,2.8932,-0.15217,0.69337,2.8208,-0.019603,0.81309,2.8543,-0.002859,0.85107,2.8407,0.28167,0.54026,2.8685,0.39206,0.69333,2.7885,0.25327,0.80386,2.8264,0.19117,0.87263,2.8283,0.036018,0.15742,2.8038,-0.046353,-0.35309,2.8571,-0.091034,-0.72982,2.931,-0.10876,-0.80507,2.9113,0.18259,0.15153,2.8037,0.23782,-0.35384,2.8588,0.24823,-0.75814,2.9201,0.27249,-0.81851,2.908
0.11177,0.22725,2.82,0.1172,0.27742,2.8752,0.12502,0.5926,2.8898,0.11346,0.76921,2.8558,-0.045875,0.54915,2.8928,-0.15121,0.69323,2.8171,-0.021418,0.81487,2.8533,-0.005426,0.85082,2.8383,0.28219,0.54125,2.8684,0.39313,0.69271,2.7881,0.25502,0.80422,2.8256,0.19293,0.87299,2.8275,0.035735,0.15813,2.8044,-0.046428,-0.35206,2.8572,-0.09106,-0.72975,2.9309,-0.10812,-0.80445,2.9097,0.18242,0.15178,2.8036,0.23808,-0.35458,2.8595,0.24841,-0.75812,2.9198,0.27489,-0.81683,2.8886
0.11154,0.22784,2.8201,0.11709,0.27803,2.8752,0.12491,0.593,2.8895,0.11625,0.76971,2.8548,-0.046388,0.551,2.8929,-0.15097,0.695,2.8154,-0.020333,0.815,2.8533,-0.00787,0.84845,2.8365,0.28253,0.54174,2.8674,0.39375,0.69237,2.7878,0.25583,0.804,2.8256,0.19374,0.87277,2.8274,0.035463,0.15869,2.8043,-0.046496,-0.35214,2.8574,-0.0912,-0.72979,2.931,-0.108,-0.80433,2.9095,0.18224,0.15212,2.8039,0.23824,-0.3545,2.8599,0.24834,-0.75823,2.9198,0.27201,-0.81746,2.9023
0.11095,0.22895,2.8203,0.11638,0.27965,2.8752,0.12271,0.59543,2.8872,0.11964,0.77305,2.8526,-0.046773,0.55269,2.8929,-0.1508,0.69552,2.8148,-0.02093,0.81611,2.8533,-0.008714,0.84889,2.8361,0.28293,0.54183,2.8667,0.39502,0.69334,2.7867,0.25615,0.80307,2.8259,0.19405,0.87184,2.8278,0.034941,0.15978,2.8045,-0.046523,-0.35198,2.8574,-0.091238,-0.72984,2.9312,-0.10794,-0.80412,2.9091,0.18193,0.15265,2.8044,0.23811,-0.35442,2.8602,0.24837,-0.7582,2.9198,0.27171,-0.81768,2.9026
0.11055,0.22965,2.8205,0.11606,0.28047,2.8752,0.12229,0.59589,2.8859,0.12087,0.77434,2.8514,-0.046707,0.55437,2.8918,-0.15059,0.69631,2.8111,-0.021795,0.81723,2.8514,-0.008902,0.8502,2.8337,0.28388,0.54226,2.8649,0.39559,0.69284,2.7863,0.25686,0.80258,2.8258,0.19476,0.87135,2.8277,0.034466,0.16052,2.8049,-0.046646,-0.35135,2.8575,-0.091186,-0.72967,2.931,-0.10789,-0.80404,2.9091,0.18163,0.15301,2.8047,0.23821,-0.3543,2.8603,0.2485,-0.75811,2.9193,0.27159,-0.81779,2.9025
0.11055,0.22969,2.8205,0.11578,0.28051,2.8753,0.12303,0.59651,2.8864,0.12272,0.77518,2.8488,-0.04452,0.55432,2.8882,-0.15003,0.69573,2.8093,-0.025189,0.82341,2.8427,-0.014248,0.85079,2.8261,0.28445,0.5437,2.864,0.39615,0.69313,2.786,0.2572,0.8023,2.8261,0.1951,0.87107,2.828,0.034487,0.16069,2.8049,-0.046719,-0.35125,2.8575,-0.091193,-0.72963,2.9311,-0.10766,-0.8038,2.9087,0.18152,0.15312,2.8048,0.2381,-0.35383,2.8605,0.24832,-0.75794,2.9184,0.27084,-0.81816,2.9029
0.11052,0.23049,2.8205,0.1157,0.28162,2.8751,0.12331,0.59768,2.8845,0.123,0.77576,2.8475,-0.04459,0.55558,2.8873,-0.1506,0.69654,2.8084,-0.025813,0.82429,2.8416,-0.014903,0.85159,2.8251,0.28462,0.54463,2.8637,0.39643,0.69305,2.7857,0.25814,0.80308,2.8256,0.19605,0.87185,2.8275,0.034528,0.16147,2.8049,-0.046775,-0.35113,2.8575,-0.09125,-0.72973,2.9313,-0.11058,-0.80562,2.9135,0.18134,0.15396,2.8054,0.23809,-0.35375,2.8605,0.24793,-0.75835,2.9193,0.27083,-0.8182,2.903
0.11056,0.23181,2.8202,0.11591,0.28311,2.8746,0.12399,0.59836,2.8819,0.12337,0.77569,2.8461,-0.044791,0.55699,2.8866,-0.15119,0.69742,2.8071,-0.026045,0.82408,2.8423,-0.014869,0.85217,2.8252,0.28511,0.54574,2.8621,0.39651,0.69264,2.7845,0.25872,0.80282,2.8253,0.19663,0.87159,2.8272,0.034346,0.16245,2.8045,-0.047041,-0.35084,2.8576,-0.091242,-0.72968,2.9315,-0.10981,-0.80473,2.9118,0.18143,0.15519,2.8059,0.23805,-0.35367,2.8608,0.24787,-0.75816,2.9193,0.27053,-0.81851,2.9045
0.1105,0.23225,2.82,0.11575,0.28384,2.8742,0.12189,0.59878,2.8799,0.12433,0.77568,2.8436,-0.043709,0.55754,2.8847,-0.15092,0.69761,2.8058,-0.026535,0.82415,2.8432,-0.014771,0.85261,2.8254,0.28561,0.54812,2.8601,0.39628,0.69186,2.7829,0.25874,0.80283,2.8227,0.19665,0.8716,2.8246,0.034492,0.16306,2.8044,-0.047182,-0.35067,2.8574,-0.091238,-0.72975,2.9315,-0.10882,-0.80449,2.911,0.18149,0.15565,2.8057,0.23819,-0.35363,2.8613,0.2479,-0.758,2.9193,0.27131,-0.81886,2.9083
0.11062,0.23227,2.8197,0.11561,0.28393,2.8738,0.12195,0.59895,2.8795,0.12583,0.77596,2.8411,-0.041663,0.55654,2.8807,-0.15027,0.69677,2.8053,-0.027284,0.82441,2.8432,-0.014562,0.85295,2.8255,0.28659,0.55022,2.8587,0.39614,0.69195,2.7814,0.25817,0.80335,2.819,0.19608,0.87212,2.8209,0.034791,0.16315,2.8038,-0.047466,-0.35039,2.8573,-0.091322,-0.72963,2.9315,-0.10745,-0.8032,2.9092,0.18154,0.1557,2.8056,0.23815,-0.3537,2.8614,0.24751,-0.75769,2.9184,0.27161,-0.8186,2.9094
0.11057,0.23315,2.8191,0.11572,0.28493,2.873,0.12212,0.59928,2.8775,0.12553,0.77629,2.8392,-0.042282,0.55848,2.88,-0.15027,0.69854,2.8029,-0.026243,0.82493,2.8414,-0.01388,0.85392,2.8235,0.28675,0.55174,2.8568,0.39567,0.69194,2.7789,0.25696,0.80146,2.8185,0.19487,0.87023,2.8204,0.034693,0.1638,2.8034,-0.047945,-0.3498,2.8569,-0.091478,-0.73008,2.9318,-0.10728,-0.8032,2.9079,0.18153,0.15639,2.8055,0.23816,-0.35371,2.8614,0.24743,-0.75761,2.9187,0.27172,-0.81861,2.911
0.11056,0.23308,2.8188,0.11575,0.28482,2.8727,0.1224,0.59919,2.8775,0.12411,0.77574,2.8352,-0.042245,0.5583,2.8796,-0.14986,0.69856,2.8024,-0.026341,0.8255,2.8406,-0.013725,0.85438,2.8227,0.28681,0.55179,2.8563,0.39584,0.69183,2.7767,0.25629,0.80208,2.8123,0.1942,0.87085,2.8141,0.034583,0.16374,2.8028,-0.048434,-0.34961,2.8568,-0.091505,-0.72997,2.9312,-0.10699,-0.80298,2.9074,0.18151,0.15638,2.8052,0.23821,-0.35369,2.8616,0.24757,-0.75767,2.9184,0.24259,-0.79143,2.8485
0.11051,0.23348,2.8183,0.11571,0.2852,2.8721,0.12238,0.59869,2.8762,0.12514,0.77572,2.8337,-0.042466,0.55815,2.8788,-0.1496,0.69882,2.8009,-0.026625,0.8262,2.8392,-0.014154,0.85457,2.8212,0.28716,0.55206,2.8555,0.39561,0.69185,2.7686,0.25856,0.79965,2.8156,0.19647,0.86841,2.8174,0.034516,0.16392,2.8025,-0.048634,-0.34938,2.8567,-0.091567,-0.73004,2.9313,-0.10676,-0.80285,2.9075,0.18149,0.15677,2.8048,0.23823,-0.35364,2.8616,0.24753,-0.75775,2.9192,0.24253,-0.79151,2.8493
0.11043,0.23332,2.8175,0.11568,0.2854,2.8709,0.12226,0.59811,2.872,0.12745,0.76999,2.8289,-0.042557,0.55779,2.8782,-0.14932,0.69927,2.7997,-0.027121,0.82853,2.8351,-0.016245,0.85426,2.8174,0.28711,0.55163,2.8543,0.39542,0.69075,2.7635,0.2599,0.7988,2.8133,0.19781,0.86757,2.8152,0.034423,0.1638,2.8022,-0.048934,-0.34919,2.857,-0.091703,-0.73003,2.9313,-0.10987,-0.80381,2.9102,0.18149,0.15666,2.8045,0.23816,-0.35374,2.8616,0.24753,-0.75775,2.9192,0.24242,-0.79154,2.8494
0.1103,0.23347,2.8165,0.11597,0.28588,2.8696,0.12294,0.59939,2.8696,0.12398,0.76883,2.8274,-0.042701,0.55768,2.8767,-0.14916,0.70139,2.7972,-0.025083,0.82968,2.8302,-0.016151,0.85448,2.8129,0.28746,0.55139,2.8504,0.39601,0.69063,2.7624,0.25924,0.79826,2.8101,0.19716,0.86702,2.812,0.03424,0.16384,2.8018,-0.049334,-0.3488,2.8576,-0.092077,-0.73137,2.9319,-0.11583,-0.80753,2.9145,0.18134,0.15676,2.8036,0.23794,-0.35326,2.8611,0.24719,-0.75845,2.9211,0.27429,-0.81878,2.9188
0.11019,0.23615,2.8148,0.11587,0.28867,2.8675,0.12342,0.6004,2.8646,0.1219,0.76977,2.8255,-0.043442,0.55901,2.8739,-0.14932,0.7024,2.7963,-0.025275,0.82979,2.8318,-0.015364,0.85592,2.8139,0.28861,0.55254,2.848,0.39689,0.69027,2.7603,0.25881,0.79722,2.8062,0.19673,0.86598,2.8081,0.033584,0.16571,2.8005,-0.049865,-0.3494,2.8582,-0.091892,-0.73088,2.9328,-0.1158,-0.80762,2.9146,0.18154,0.15849,2.8029,0.23773,-0.35342,2.8614,0.24724,-0.75794,2.9202,0.27292,-0.81849,2.9136
0.11002,0.23393,2.8134,0.1151,0.28684,2.8661,0.12223,0.59977,2.8633,0.12275,0.76469,2.8232,-0.035776,0.55041,2.8653,-0.15,0.70349,2.7939,-0.024302,0.82895,2.8301,-0.014035,0.85676,2.8123,0.28834,0.55193,2.8443,0.3971,0.68982,2.7591,0.2609,0.80226,2.7987,0.19882,0.87101,2.8006,0.033904,0.16462,2.8001,-0.050116,-0.34902,2.8586,-0.092445,-0.73042,2.9328,-0.11219,-0.80661,2.9124,0.18133,0.15767,2.8017,0.23769,-0.35358,2.8615,0.24713,-0.75787,2.9203,0.27269,-0.81843,2.9135
0.10966,0.23464,2.8125,0.11526,0.28774,2.8649,0.12059,0.60097,2.8616,0.12193,0.76411,2.82,-0.036751,0.55358,2.8644,-0.15007,0.70431,2.7924,-0.023515,0.82961,2.8267,-0.012917,0.85811,2.8099,0.28825,0.55273,2.838,0.4008,0.68837,2.7529,0.26411,0.79728,2.7983,0.20203,0.86604,2.8002,0.033575,0.16526,2.7994,-0.050568,-0.34851,2.859,-0.092584,-0.73071,2.9329,-0.11019,-0.80366,2.9079,0.18125,0.1584,2.8007,0.23755,-0.35366,2.8619,0.24699,-0.75807,2.9204,0.27298,-0.81854,2.9145
0.1093,0.23664,2.8118,0.11486,0.28947,2.864,0.12042,0.60157,2.8603,0.12144,0.76405,2.8191,-0.041017,0.56414,2.865,-0.15042,0.70571,2.7911,-0.022583,0.8299,2.8248,-0.012804,0.85845,2.8081,0.28864,0.55349,2.8372,0.40118,0.68998,2.7521,0.29376,0.82926,2.794,0.23168,0.89801,2.7959,0.032875,0.16667,2.7989,-0.050915,-0.3483,2.8593,-0.092657,-0.73074,2.933,-0.10966,-0.8036,2.9073,0.18126,0.15963,2.8001,0.23745,-0.35373,2.8626,0.24699,-0.75792,2.9204,0.27269,-0.81845,2.9139
0.10909,0.23715,2.8113,0.11471,0.29016,2.8634,0.11986,0.60221,2.8588,0.12015,0.76433,2.8159,-0.041613,0.56529,2.8651,-0.15117,0.70639,2.7898,-0.021769,0.82896,2.8234,-0.012271,0.85836,2.8068,0.28876,0.55359,2.8363,0.40323,0.68822,2.7503,0.29587,0.82984,2.7859,0.2338,0.89859,2.7877,0.03267,0.16693,2.7987,-0.051877,-0.35136,2.8616,-0.092884,-0.73101,2.9331,-0.11062,-0.80786,2.8915,0.18119,0.16007,2.7996,0.23743,-0.35369,2.8626,0.247,-0.75781,2.9203,0.27253,-0.81851,2.9148
0.10887,0.23649,2.8107,0.11447,0.2897,2.8626,0.11843,0.60174,2.8568,0.11998,0.76362,2.8147,-0.041991,0.56484,2.864,-0.15328,0.70685,2.7819,-0.021207,0.82749,2.8129,-0.015066,0.85538,2.7965,0.28826,0.5529,2.8343,0.40421,0.68476,2.7475,0.29721,0.82705,2.7818,0.23514,0.8958,2.7837,0.032554,0.16634,2.7984,-0.052198,-0.3506,2.8617,-0.092879,-0.73091,2.9336,-0.10864,-0.80653,2.8948,0.18115,0.15951,2.799,0.23731,-0.35391,2.8632,0.24702,-0.75784,2.9204,0.27234,-0.81806,2.9105
0.10882,0.23646,2.8104,0.11408,0.28992,2.8622,0.1182,0.60246,2.8552,0.12087,0.76758,2.8108,-0.04121,0.56308,2.8597,-0.15726,0.70484,2.7759,-0.02451,0.82455,2.8073,-0.016608,0.85461,2.7914,0.29087,0.55169,2.8322,0.40867,0.68126,2.7436,0.29287,0.818,2.7732,0.2308,0.88675,2.7751,0.032405,0.16612,2.7979,-0.052301,-0.35072,2.8624,-0.09264,-0.7307,2.9341,-0.10739,-0.80568,2.8991,0.18117,0.15943,2.7989,0.23721,-0.35436,2.8637,0.24737,-0.75802,2.9206,0.27214,-0.81848,2.9108
0.10901,0.23566,2.8099,0.1142,0.28981,2.8615,0.12239,0.60353,2.8506,0.1227,0.77085,2.8097,-0.040449,0.55781,2.8554,-0.16184,0.69644,2.7715,-0.028757,0.8165,2.8009,-0.017297,0.84975,2.7869,0.29279,0.54684,2.8304,0.41755,0.66096,2.7324,0.30402,0.80404,2.7428,0.24194,0.87279,2.7447,0.032208,0.16515,2.7976,-0.05241,-0.35048,2.863,-0.092685,-0.7308,2.9341,-0.10745,-0.8055,2.8998,0.1812,0.15831,2.799,0.2368,-0.35522,2.8643,0.24747,-0.75809,2.921,0.27339,-0.81856,2.915
0.10912,0.2344,2.8095,0.11415,0.28885,2.8611,0.12242,0.60344,2.8506,0.12344,0.77251,2.8097,-0.039378,0.55192,2.8511,-0.17106,0.68833,2.7577,-0.034434,0.80367,2.7888,-0.018872,0.84295,2.7759,0.2974,0.5378,2.8268,0.42179,0.65096,2.7268,0.24414,0.80225,2.7673,0.18207,0.87099,2.7692,0.031805,0.16332,2.7966,-0.052523,-0.3504,2.8639,-0.092682,-0.73081,2.9341,-0.11022,-0.80675,2.905,0.18174,0.15613,2.799,0.23692,-0.35586,2.8647,0.24716,-0.7577,2.9201,0.27342,-0.81811,2.9152
0.10925,0.2317,2.8091,0.11416,0.28707,2.8606,0.12264,0.60352,2.8504,0.1246,0.77605,2.8103,-0.039955,0.54813,2.8484,-0.19418,0.65976,2.7428,-0.059107,0.78375,2.7464,-0.05658,0.8081,2.7399,0.29712,0.53131,2.8253,0.44388,0.59596,2.7099,0.27448,0.77062,2.7502,0.2124,0.83937,2.7521,0.031252,0.16067,2.7965,-0.052533,-0.3514,2.8648,-0.092648,-0.73074,2.9343,-0.11064,-0.80665,2.9063,0.18228,0.15264,2.7989,0.23716,-0.3563,2.8653,0.24708,-0.7576,2.92,0.27365,-0.81796,2.9163
0.10835,0.22722,2.8078,0.11282,0.28393,2.8589,0.12096,0.60337,2.8462,0.12654,0.77732,2.8088,-0.043113,0.54142,2.8475,-0.20652,0.6237,2.7481,-0.086403,0.76316,2.7346,-0.056519,0.80633,2.7348,0.30347,0.50739,2.8249,0.44976,0.57679,2.7122,0.28152,0.75774,2.7305,0.21944,0.82649,2.7324,0.027469,0.15399,2.7977,-0.052895,-0.35188,2.8652,-0.092229,-0.73048,2.9347,-0.10987,-0.80646,2.9062,0.18424,0.14297,2.7959,0.23715,-0.3565,2.8657,0.24692,-0.75741,2.9197,0.27295,-0.81789,2.9147
0.10794,0.22062,2.8068,0.11242,0.27844,2.8578,0.12097,0.60258,2.8456,0.12841,0.77616,2.8055,-0.047057,0.53339,2.847,-0.21292,0.60336,2.7393,-0.078216,0.7437,2.7309,-0.02243,0.81694,2.7309,0.30053,0.49706,2.8248,0.45507,0.53839,2.7087,0.33911,0.71289,2.6833,0.27703,0.78164,2.6852,0.02635,0.14743,2.7969,-0.052867,-0.35194,2.8652,-0.092209,-0.72998,2.9349,-0.10839,-0.80548,2.906,0.18432,0.13682,2.7954,0.23726,-0.35675,2.8661,0.24709,-0.75723,2.9197,0.27248,-0.81796,2.9144
0.109,0.20993,2.8052,0.1138,0.26923,2.8565,0.12458,0.60011,2.8458,0.13023,0.77496,2.8035,-0.049946,0.5136,2.8427,-0.21599,0.56839,2.7325,-0.092845,0.7016,2.6888,-0.0625,0.74023,2.7028,0.30023,0.49609,2.8254,0.45528,0.50296,2.7014,0.36023,0.65577,2.6502,0.32697,0.71519,2.6431,0.026279,0.13582,2.7965,-0.052952,-0.35436,2.8667,-0.092172,-0.73004,2.935,-0.10993,-0.80641,2.9087,0.18471,0.12765,2.7924,0.23696,-0.35825,2.8683,0.24709,-0.75676,2.9196,0.2712,-0.81774,2.9118
0.11007,0.20401,2.8056,0.11482,0.26372,2.857,0.12563,0.59819,2.8467,0.13156,0.77536,2.8039,-0.050688,0.50865,2.8419,-0.22412,0.51904,2.7332,-0.1183,0.66911,2.6885,-0.064237,0.73636,2.6928,0.29987,0.49272,2.8252,0.45116,0.44072,2.7092,0.37567,0.61923,2.6374,0.34584,0.67614,2.6138,0.027663,0.12949,2.7968,-0.052929,-0.35486,2.8677,-0.092155,-0.73005,2.9349,-0.10962,-0.80567,2.9097,0.18557,0.12207,2.7928,0.23679,-0.3591,2.8691,0.24721,-0.75657,2.9194,0.24408,-0.79068,2.8496
0.11008,0.20117,2.8053,0.1146,0.2608,2.8567,0.12603,0.59639,2.847,0.13367,0.77568,2.8043,-0.04993,0.50723,2.8409,-0.22156,0.47624,2.7481,-0.13245,0.61572,2.652,-0.094727,0.67188,2.6267,0.30012,0.47457,2.8237,0.45049,0.40885,2.7155,0.38749,0.55023,2.6032,0.35501,0.62583,2.5607,0.027928,0.12721,2.796,-0.053057,-0.3552,2.8681,-0.092141,-0.73005,2.9349,-0.10891,-0.80455,2.9089,0.18529,0.11894,2.7929,0.23636,-0.35948,2.8696,0.24714,-0.75631,2.9191,0.24441,-0.79041,2.8494
0.10996,0.19648,2.8039,0.11478,0.25685,2.8555,0.1279,0.59532,2.8464,0.13511,0.7781,2.8042,-0.048032,0.50481,2.8402,-0.21903,0.45891,2.7497,-0.13477,0.57764,2.6052,-0.10089,0.62664,2.5715,0.29942,0.47237,2.8239,0.44279,0.37577,2.736,0.39838,0.49803,2.567,0.38358,0.53878,2.515,0.028167,0.12397,2.7942,-0.053009,-0.35547,2.8685,-0.091985,-0.73065,2.9351,-0.11158,-0.80699,2.9119,0.18411,0.11506,2.7925,0.23604,-0.35969,2.8698,0.2473,-0.75638,2.9183,0.24472,-0.79047,2.8486
0.11035,0.19406,2.804,0.11498,0.25508,2.8554,0.12951,0.59539,2.846,0.13585,0.77982,2.8029,-0.047413,0.50206,2.8382,-0.20159,0.41617,2.7545,-0.15789,0.50704,2.5879,-0.12866,0.54102,2.5485,0.29741,0.47285,2.8249,0.42234,0.34398,2.7597,0.42063,0.40186,2.5724,0.40899,0.4329,2.5125,0.029104,0.1219,2.7932,-0.052961,-0.3559,2.8688,-0.09178,-0.73077,2.935,-0.11071,-0.80627,2.9118,0.18361,0.11307,2.7941,0.2357,-0.36051,2.87,0.24723,-0.75654,2.9177,0.24516,-0.79066,2.848
0.11109,0.1903,2.8036,0.11564,0.25184,2.855,0.13043,0.59464,2.8454,0.13637,0.78092,2.8029,-0.046127,0.49902,2.8372,-0.20023,0.39787,2.7534,-0.16113,0.44653,2.5251,-0.12811,0.4884,2.4724,0.29432,0.47225,2.8254,0.41374,0.33349,2.7831,0.41528,0.29938,2.5896,0.40892,0.32685,2.5014,0.030807,0.11877,2.7919,-0.052945,-0.35686,2.8695,-0.091594,-0.73051,2.935,-0.11203,-0.80673,2.9131,0.18345,0.11119,2.7949,0.23525,-0.36105,2.8702,0.2472,-0.75625,2.9172,0.24532,-0.79039,2.8474
0.11143,0.18673,2.8031,0.11552,0.24906,2.8544,0.13083,0.59455,2.8451,0.13683,0.78207,2.8021,-0.043886,0.49648,2.8331,-0.18948,0.385,2.7576,-0.15364,0.44222,2.5285,-0.14169,0.4613,2.4563,0.29232,0.47184,2.8252,0.39885,0.3221,2.7949,0.39463,0.29072,2.5905,0.39868,0.27197,2.5231,0.031805,0.1163,2.7908,-0.053075,-0.35745,2.87,-0.091603,-0.73055,2.935,-0.11086,-0.80495,2.9112,0.18316,0.10892,2.7954,0.23419,-0.36285,2.8709,0.2472,-0.75624,2.9172,0.24607,-0.79041,2.8474
0.1118,0.18498,2.8027,0.11574,0.24781,2.8538,0.13205,0.59459,2.8426,0.13768,0.78317,2.8005,-0.042721,0.49516,2.8312,-0.18799,0.37678,2.7588,-0.15145,0.43612,2.5301,-0.13927,0.4559,2.4581,0.29196,0.46807,2.8245,0.38698,0.31077,2.8035,0.41008,0.26872,2.6132,0.40552,0.20874,2.5271,0.032235,0.11476,2.7905,-0.053213,-0.35809,2.8705,-0.091639,-0.73056,2.9351,-0.10983,-0.80359,2.9099,0.18343,0.10699,2.7957,0.23339,-0.36335,2.8707,0.24726,-0.7566,2.9175,0.24643,-0.79083,2.8478
0.1119,0.1835,2.8017,0.11551,0.24685,2.8523,0.13313,0.59375,2.836,0.13912,0.78347,2.799,-0.040966,0.49364,2.8276,-0.16208,0.35552,2.8077,-0.19237,0.25754,2.6424,-0.16553,0.20215,2.5349,0.29151,0.46775,2.8243,0.3832,0.3085,2.8021,0.402,0.19142,2.6489,0.40991,0.12347,2.5271,0.032598,0.11379,2.7896,-0.053233,-0.35808,2.8704,-0.091633,-0.73046,2.9349,-0.10928,-0.80304,2.9088,0.18325,0.10589,2.7956,0.23267,-0.36316,2.8706,0.24734,-0.75672,2.9175,0.24714,-0.79113,2.8478
0.11167,0.18236,2.8011,0.11503,0.24617,2.851,0.13321,0.59375,2.8325,0.13967,0.78359,2.7958,-0.040096,0.49231,2.8249,-0.15688,0.35069,2.8084,-0.17651,0.19934,2.6579,-0.16345,0.11816,2.5739,0.29117,0.46773,2.824,0.36696,0.28317,2.8033,0.38588,0.14428,2.6717,0.39917,0.07019,2.5759,0.032581,0.1129,2.789,-0.053216,-0.35815,2.8704,-0.091501,-0.73006,2.9349,-0.10865,-0.80274,2.9075,0.18281,0.10477,2.7959,0.23175,-0.36383,2.8711,0.24733,-0.75676,2.9177,0.24756,-0.79129,2.848
0.11136,0.18165,2.8002,0.11457,0.24586,2.8489,0.13301,0.59298,2.8276,0.14038,0.78511,2.7919,-0.040422,0.49098,2.8226,-0.15275,0.30914,2.8111,-0.16333,0.14587,2.6677,-0.15595,0.070878,2.6137,0.29089,0.46744,2.8229,0.35273,0.2658,2.8101,0.38037,0.09729,2.6911,0.38198,0.024122,2.6343,0.03229,0.112,2.7881,-0.053035,-0.35837,2.8707,-0.091557,-0.73003,2.9347,-0.10829,-0.80257,2.907,0.18249,0.10408,2.7958,0.23114,-0.36435,2.8711,0.24706,-0.75651,2.9193,0.24748,-0.79119,2.8497
0.11088,0.17998,2.7987,0.11431,0.24463,2.846,0.13313,0.59219,2.8232,0.14054,0.78453,2.7883,-0.04043,0.4902,2.8213,-0.14631,0.28914,2.8125,-0.14941,0.087158,2.6872,-0.14075,0.006958,2.6814,0.28988,0.46691,2.8207,0.34152,0.24874,2.8173,0.37012,0.058716,2.736,0.36704,-0.022646,2.6917,0.031916,0.11064,2.7873,-0.052894,-0.35894,2.871,-0.091507,-0.73022,2.9348,-0.10801,-0.80213,2.9065,0.18191,0.10262,2.7949,0.23014,-0.3658,2.8712,0.24738,-0.75633,2.9204,0.24757,-0.79113,2.8509
0.1105,0.17867,2.7972,0.114,0.2441,2.8428,0.13335,0.59318,2.818,0.14102,0.78488,2.7835,-0.039693,0.48974,2.8197,-0.13665,0.26641,2.8172,-0.1366,0.051575,2.7302,-0.13672,-0.009527,2.6991,0.29009,0.46455,2.8194,0.33136,0.2297,2.8211,0.35396,0.050713,2.7651,0.34469,-0.038452,2.7414,0.031619,0.10963,2.7863,-0.052834,-0.35938,2.8713,-0.091444,-0.73045,2.935,-0.10793,-0.80209,2.9065,0.18139,0.1011,2.7943,0.22939,-0.36746,2.8713,0.24744,-0.75633,2.9208,0.24766,-0.7913,2.8513
0.11074,0.17833,2.7969,0.11402,0.24401,2.8411,0.13321,0.59311,2.8164,0.14333,0.78603,2.7775,-0.038045,0.48974,2.8177,-0.12038,0.25805,2.8299,-0.12909,0.049087,2.7511,-0.12335,-0.026566,2.7458,0.29071,0.46425,2.8191,0.32346,0.21984,2.8262,0.32788,0.022919,2.8024,0.32408,-0.068992,2.7908,0.032356,0.10901,2.7857,-0.052814,-0.36041,2.8719,-0.091245,-0.73141,2.9349,-0.11024,-0.80417,2.9088,0.18144,0.10079,2.7943,0.229,-0.36819,2.8711,0.24671,-0.75567,2.9202,0.24729,-0.79068,2.8507
0.11073,0.17805,2.7968,0.11416,0.24406,2.8394,0.13367,0.59292,2.8138,0.1444,0.78521,2.7699,-0.036671,0.49055,2.8164,-0.10667,0.25733,2.8421,-0.11978,0.067585,2.7859,-0.11824,-0.019663,2.7607,0.29122,0.46324,2.8168,0.31739,0.21981,2.8357,0.32134,0.036482,2.8096,0.31754,-0.055433,2.7979,0.032364,0.10884,2.7857,-0.052672,-0.36059,2.8719,-0.091518,-0.73206,2.935,-0.10952,-0.8038,2.9079,0.1813,0.10038,2.7946,0.22862,-0.36864,2.8711,0.24637,-0.75537,2.9198,0.24676,-0.79049,2.8504
0.11064,0.17775,2.7963,0.11401,0.24411,2.8371,0.13398,0.59276,2.8107,0.14513,0.78441,2.7649,-0.036012,0.49057,2.8156,-0.10171,0.25758,2.848,-0.11572,0.057069,2.7935,-0.11216,-0.02983,2.7732,0.29122,0.46425,2.8171,0.31569,0.22192,2.8428,0.32178,0.039246,2.8098,0.31798,-0.052672,2.7981,0.03237,0.10868,2.7856,-0.052718,-0.36282,2.8723,-0.092362,-0.73416,2.9358,-0.11367,-0.80848,2.8981,0.18109,0.10024,2.7945,0.22854,-0.36885,2.871,0.24611,-0.75589,2.9192,0.24667,-0.79113,2.8498
0.11054,0.17758,2.7961,0.1139,0.24426,2.835,0.13402,0.59276,2.8081,0.14509,0.78353,2.7611,-0.035616,0.49063,2.8154,-0.098675,0.25917,2.8564,-0.11469,0.056483,2.7975,-0.11352,-0.028647,2.7744,0.29123,0.46493,2.8173,0.3148,0.2236,2.8481,0.31811,0.024773,2.8259,0.31432,-0.067149,2.8142,0.032344,0.10862,2.7856,-0.052813,-0.36272,2.8721,-0.092386,-0.7347,2.9356,-0.11581,-0.80872,2.9054,0.1809,0.1001,2.7945,0.22825,-0.36919,2.8707,0.24591,-0.75574,2.9187,0.24653,-0.79109,2.8494
0.11038,0.17745,2.7958,0.11379,0.24452,2.8326,0.13381,0.59314,2.8049,0.14526,0.7838,2.7603,-0.03527,0.49082,2.8155,-0.097659,0.26038,2.8608,-0.11441,0.055463,2.7983,-0.1142,-0.026936,2.7745,0.29121,0.46532,2.8171,0.31517,0.22457,2.8505,0.32658,-0.008945,2.8176,0.33396,-0.075614,2.8035,0.032324,0.10861,2.7856,-0.053059,-0.36388,2.873,-0.092436,-0.7351,2.9359,-0.1148,-0.8074,2.9061,0.18066,0.099988,2.7944,0.22797,-0.36934,2.8704,0.24597,-0.75588,2.9187,0.24647,-0.79136,2.8495
0.11003,0.17747,2.7953,0.11356,0.24462,2.8305,0.13346,0.59306,2.8045,0.14522,0.78346,2.7595,-0.035099,0.4911,2.8161,-0.097997,0.26115,2.8628,-0.11678,0.05929,2.8002,-0.11745,-0.02488,2.7758,0.29157,0.4659,2.8166,0.31723,0.22597,2.8527,0.32627,-0.005551,2.8188,0.33331,-0.072321,2.805,0.032056,0.10864,2.7855,-0.05326,-0.36474,2.8731,-0.09235,-0.73574,2.9359,-0.11342,-0.80693,2.9059,0.1803,0.099843,2.7941,0.22785,-0.36933,2.8702,0.24596,-0.75606,2.9194,0.28024,-0.8165,2.9284
0.10968,0.17748,2.7947,0.11334,0.24463,2.8285,0.13345,0.59276,2.8042,0.14536,0.78269,2.758,-0.03498,0.49143,2.8164,-0.10221,0.26265,2.863,-0.11719,0.05962,2.8002,-0.11885,-0.024505,2.7753,0.29242,0.46464,2.8163,0.32186,0.22508,2.8524,0.34285,0.042941,2.8235,0.33561,-0.047527,2.8044,0.031545,0.10866,2.7849,-0.053184,-0.36465,2.873,-0.091764,-0.73591,2.9358,-0.11237,-0.80642,2.9055,0.1799,0.099537,2.7937,0.22781,-0.36967,2.87,0.24631,-0.75657,2.9198,0.27838,-0.81624,2.9261
0.10895,0.17688,2.7935,0.11293,0.24403,2.8263,0.13329,0.59226,2.8041,0.14558,0.78093,2.7568,-0.035078,0.4915,2.8168,-0.10992,0.26474,2.8625,-0.12257,0.057381,2.7975,-0.12431,-0.023035,2.7708,0.29289,0.46309,2.8148,0.3329,0.22484,2.8445,0.35039,0.032006,2.811,0.33705,-0.058692,2.7967,0.030862,0.10817,2.7844,-0.05317,-0.36462,2.8728,-0.091699,-0.73587,2.9358,-0.11046,-0.8051,2.9058,0.17865,0.098165,2.7915,0.22742,-0.36943,2.87,0.24637,-0.75556,2.9197,0.24614,-0.79095,2.8504
0.10873,0.17646,2.7923,0.11286,0.24359,2.824,0.13331,0.59134,2.803,0.14524,0.77924,2.7542,-0.035678,0.4911,2.8174,-0.11584,0.26575,2.8618,-0.13118,0.055534,2.7881,-0.12977,-0.023634,2.7674,0.29263,0.46344,2.8144,0.33756,0.22858,2.839,0.35743,0.024464,2.7908,0.34391,-0.0654,2.772,0.03052,0.10766,2.7836,-0.053176,-0.36449,2.8726,-0.091678,-0.73584,2.9358,-0.11109,-0.8054,2.9076,0.17848,0.097768,2.7905,0.22677,-0.36909,2.8694,0.24673,-0.75491,2.919,0.24629,-0.79029,2.8497
